TCGA-A6-6141	0	0	0	0	0	0	3	3	0	0	303	206
TCGA-AA-3518	0	0	0	0	0	0	6	4	1	1	142	162
TCGA-AA-3555	0	0	0	0	0	0	5	3	0	0	326	236
TCGA-AA-3977	0	0	0	0	0	0	15	20	1	2	1075	752
TCGA-AA-A00N	0	0	0	0	0	0	7	9	3	1	1721	1071
TCGA-AD-6964	0	0	0	0	0	0	5	9	0	0	149	109
TCGA-AZ-4315	0	0	0	0	0	0	20	10	0	0	1802	1282
TCGA-CA-6717	0	0	0	0	0	0	57	30	0	2	1717	1099
TCGA-CA-6718	0	0	0	0	0	0	27	24	0	0	840	544
TCGA-D5-6540	0	0	0	0	0	0	6	4	3	0	173	123
TCGA-EI-6917	0	0	0	0	0	0	17	17	0	2	1788	1309
TCGA-F5-6814	0	0	0	0	0	0	61	35	1	2	1721	1184
