	cancer_type	ms	GDSC.msi.call	CCLE.MSI.call	total_mut	indel	C_A	C_T	C_G	T_A	T_C	T_G	MLH1	MSH2	MSH6	PMS2	MLH1_exp	MSH2_exp	MSH6_exp	PMS2_exp	MSH2_1_methy	MSH2_2_methy	MSH6_1_methy	MSH6_2_methy	MSH6_3_methy	MSH6_4_methy	MLH1_methy	PMS2_1_methy	PMS2_2_methy	MSH6_pro	PMS2_pro	MLH1_pro	MSH2_pro	MLH1_exp_z	PMS2_exp_z	MSH2_exp_z	MSH6_exp_z	sigA	sigB	muts
ACH-000770	Leukemia	MSI-high	MSI-H	inferred-MSI	830	112	0.160240964	0.461445783	0.054216867	0.034939759	0.253012048	0.036144578	NA	NA	NA	Nonsense_Mutation	6.155425432	5.174326515	5.687900522	2.813524689	1	0.025	0.97694	0.03627	0.8569	0.98801	0.00481	0.00153	0	NA	NA	NA	NA	1.205587893	-1.447754024	0.391899825	0.77449586	0.586631122	0.413368878	0
ACH-000782	Leukemia	MSI	NA	inferred-MSI	688	67	0.069767442	0.568313953	0.034883721	0.031976744	0.263081395	0.031976744	NA	NA	NA	Nonsense_Mutation	5.690417096	5.85698569	7.180008583	1.989139007	1	0.02588	0.43121	0.02667	0.99647	0.78448	0.03234	0.02103	0	0.262966659	-2.289434937	0.060375933	0.571054604	0.997963349	-2.732867924	0.953003495	1.99178682	0.626349919	0.373650081	0
ACH-001345	Colon/Colorectal Cancer	MSI-high	MSI-H	inferred-MSI	6430	777	0.062674961	0.386469673	0.018662519	0.081337481	0.423172628	0.027682737	NA	Nonsense_Mutation	Missense_Mutation;Frame_Shift_Ins	Missense_Mutation	4.800123353	3.759155834	3.929790998	2.871843649	NA	NA	NA	NA	NA	NA	NA	NA	NA	NA	NA	NA	NA	0.600450408	-1.35684208	-0.771283053	-0.6598043	0.29617618	0.70382382	Double
ACH-000811	Ovarian Cancer	MSI-high	MSI-H	inferred-MSI	797	87	0.121706399	0.493099122	0.050188206	0.028858218	0.274780427	0.031367629	NA	NA	NA	NA	0.722466024	5.30487605	5.325170512	2.435628594	1	0.00359	0.94677	0.01598	0.8514	0.92715	0	0.00212	NA	NA	NA	NA	NA	-1.220208867	-2.036846648	0.499203478	0.478573619	0.535214028	0.464785972	0
ACH-000856	Breast Cancer	MSI-low	MSS/MSI-L	inferred-MSI	954	193	0.136268344	0.56918239	0.030398323	0.022012579	0.214884696	0.027253669	NA	NA	NA	NA	0.378511623	6.4747605	6.152183419	4.033863452	NA	0.00422	1	0.02849	0.93388	0.92727	0.81732	0.01082	NA	0.264527076	-0.794666819	-1.15299203	0.329944323	-1.373783265	0.454601076	1.460776225	1.153266934	0.672378481	0.327621519	0
ACH-000864	Endometrial/Uterine Cancer	MSI-high	MSI-H	inferred-MSI	945	192	0.112169312	0.439153439	0.039153439	0.035978836	0.331216931	0.042328042	NA	NA	NA	NA	0.389566812	5.963011648	6.216260837	4.111031312	1	0.04293	0.99601	0.05991	0.87042	0.98	0.91728	0.01658	NA	NA	NA	NA	NA	-1.368847164	0.574896094	1.040150282	1.205542546	0.464642785	0.535357215	0
ACH-000866	Lung Cancer	MSI-high	MSI-H	inferred-MSI	983	195	0.109867752	0.546286877	0.048830112	0.024415056	0.209562564	0.06103764	NA	NA	NA	NA	0.201633861	6.076815597	5.908572759	3.914564523	NA	0	1	0	NA	1	0	0.20325	NA	0.278752839	NA	-0.814174243	0.282194507	-1.452758548	0.268629007	1.133690098	0.95452459	0.642307874	0.357692126	0
ACH-000874	Leukemia	MSI-high	MSI-H	inferred-MSI	1376	45	0.037063953	0.801598837	0.015261628	0.015261628	0.117005814	0.01380814	NA	NA	NA	Missense_Mutation	4.258518925	3.718087584	6.574858391	1.014355293	1	0.04112	0.76526	0.02659	1	0.90886	0	0.00256	0	NA	NA	NA	NA	0.358625986	-4.252433497	-0.805038617	1.498093449	0.882961936	0.117038064	0
ACH-000879	Endometrial/Uterine Cancer	MSI-high	MSI-H	inferred-MSI	1146	277	0.157940663	0.554973822	0.043630017	0.02617801	0.184118674	0.033158813	NA	NA	Missense_Mutation	NA	0.097610797	5.972462907	5.544114402	4.049630768	1	0.01061	0.81856	0.0015	0.15545	0.81114	0.93618	0	NA	-1.048264252	-1.417996254	-1.975460716	-0.913216694	-1.49920447	0.479180344	1.047918634	0.657192329	0.713731124	0.286268876	0
ACH-000885	Ovarian Cancer	MSI-high	MSI-H	inferred-MSI	1184	385	0.125844595	0.612331081	0.032094595	0.025337838	0.174831081	0.029560811	NA	NA	NA	NA	0.378511623	4.734438666	5.033863452	3.781359714	1	0	1	0.00779	0.71741	0.9939	0.79375	0	0	NA	NA	NA	NA	-1.373783265	0.060979412	0.030339187	0.240919617	0.747084534	0.252915466	0
ACH-000895	Colon/Colorectal Cancer	MSI	NA	inferred-MSI	1292	332	0.121517028	0.648606811	0.030185759	0.024767802	0.150928793	0.023993808	Missense_Mutation	NA	NA	NA	0.201633861	4.830356747	4.827819025	3.814550423	NA	0.00183	0.0173	0.00586	0.5414	0.60141	0.82287	0.0079	NA	-0.131069886	-2.344634473	-1.600136867	-0.234711635	-1.452758548	0.112719567	0.109177924	0.072824541	0.796951604	0.203048396	0
ACH-000982	Colon/Colorectal Cancer	MSI	NA	inferred-MSI	6160	640	0.062337662	0.394805195	0.018668831	0.077922078	0.421428571	0.024837662	NA	Nonsense_Mutation	NA	Missense_Mutation	5.383013015	4.091699834	4.886550147	4.056583528	NA	0.34145	0.42557	0.02074	0.68488	0.74921	0.0214	0.02015	NA	NA	NA	NA	NA	0.860708538	0.490018826	-0.497952428	0.12073854	0.310143714	0.689856286	Double
ACH-000907	Kidney Cancer	MSI	NA	inferred-MSI	1079	219	0.122335496	0.509731233	0.040778499	0.050973123	0.232622799	0.043558851	Frame_Shift_Del	NA	NA	NA	4.107687869	3.890446693	4.815063017	2.908812908	NA	NA	NA	NA	NA	NA	NA	NA	NA	NA	NA	NA	NA	0.291280464	-1.299211641	-0.663370077	0.06241794	0.601235125	0.398764875	0
ACH-000908	Gastric Cancer	MSI	NA	inferred-MSI	1432	366	0.085893855	0.600558659	0.027234637	0.024441341	0.226955307	0.034916201	NA	NA	Frame_Shift_Del	NA	0.40053793	4.589763487	3.6622055	4.532940288	0.875	0.00049	0.00698	0.02603	0.78375	0.20043	0.96238	0.00506	0.2857	NA	NA	NA	NA	-1.363948599	1.23259928	-0.088574873	-0.878105786	0.685209901	0.314790099	Double
ACH-000909	Endometrial/Uterine Cancer	MSI	NA	inferred-MSI	1116	228	0.112007168	0.577060932	0.047491039	0.032258065	0.200716846	0.03046595	NA	NA	Missense_Mutation	NA	0.35614381	5.905687849	5.811214118	3.753818443	1	0.00769	0.93942	0.00641	0.14998	0.94005	0.86364	0.00408	NA	0.410161306	-1.755816905	-2.240442404	0.307960721	-1.383770413	0.018046025	0.99303366	0.875097505	0.679365774	0.320634226	0
ACH-000911	Gastric Cancer	MSI-high	MSI-H	inferred-MSI	1431	242	0.179594689	0.592592593	0.037735849	0.046121593	0.110412299	0.033542977	NA	NA	NA	NA	0.111031312	5.139551352	5.321567376	3.498250868	1	0.00344	0.08616	0.0262	0.68183	0.63193	0.81875	0.00294	NA	0.566907576	-1.877260813	-2.211088945	0.471641257	-1.493212258	-0.380351777	0.363316789	0.47563411	0.788515629	0.211484371	0
ACH-000914	Lymphoma	MSI-high	MSI-H	inferred-MSI	2116	220	0.038752363	0.163988658	0.02268431	0.049621928	0.573724008	0.151228733	NA	In_Frame_Del	Missense_Mutation	NA	5.956289027	5.191009849	6.555816155	3.956985925	1	0.04721	0.05727	0.06176	0.99138	0.67252	0.0068	0.01969	0	NA	NA	NA	NA	1.116674207	0.334758652	0.405612494	1.48255842	0.062707652	0.937292348	0
ACH-000919	Gastric Cancer	MSI-low	MSS/MSI-L	inferred-MSI	1901	518	0.092056812	0.561809574	0.03419253	0.037874803	0.237243556	0.036822725	NA	NA	NA	NA	0.214124805	4.582556003	4.534186139	3.805292456	NA	NA	NA	NA	NA	NA	NA	NA	NA	-1.317436261	-2.770596651	-2.882678574	-1.414624796	-1.447181386	0.098287556	-0.09449898	-0.166726914	0.637319399	0.362680601	0
ACH-000920	Leukemia	MSI-low	MSS/MSI-L	inferred-MSI	2977	376	0.099093047	0.649311387	0.020826335	0.026536782	0.187101108	0.01713134	NA	NA	NA	Missense_Mutation	5.440620048	0.250961574	5.193771743	3.956985925	NA	NA	0.98226	0.07842	0.98596	0.98416	0	0.07346	NA	NA	NA	NA	NA	0.88642987	0.334758652	-3.654802015	0.371375931	0.743402388	0.256597612	0
ACH-000925	Lung Cancer	MSI	NA	inferred-MSI	1477	488	0.117806364	0.613405552	0.030467163	0.030467163	0.178740691	0.029113067	NA	NA	NA	NA	0.575312331	5.096767855	4.785027362	3.758089934	NA	0.0095	0.33243	0.01792	0.1683	0.34169	0.82551	0.00893	NA	-0.088376036	-3.641722755	-2.10635824	-0.302518939	-1.28591246	0.024704744	0.328151397	0.037914265	0.738064831	0.261935169	0
ACH-000990	Endometrial/Uterine Cancer	MSI	NA	inferred-MSI	11964	1014	0.058090939	0.439568706	0.012788365	0.036693414	0.439568706	0.01328987	NA	Frame_Shift_Del;Missense_Mutation;Nonsense_Mutation	Missense_Mutation	NA	4.137503524	3.147306699	4.612942196	4.44625623	1	0.01736	0.97642	0.03667	0.98263	0.96721	0.00752	0.0081	NA	-1.504424011	0.358631078	0.470490098	-2.316426843	0.304593046	1.097469703	-1.274185245	-0.102476181	0.376024771	0.623975229	1
ACH-000930	Breast Cancer	MSI-high	MSI-H	inferred-MSI	2668	263	0.056596702	0.273238381	0.029610195	0.049475262	0.553973013	0.037106447	NA	NA	NA	NA	0.367371066	5.494095545	5.116863758	2.974529312	1	0	0.9844	9.00E-04	0.09303	0.9627	0.88203	0.00447	0	NA	NA	NA	NA	-1.378757484	-1.196768007	0.654730213	0.308632891	0.175625749	0.824374251	0
ACH-000932	Gastric Cancer	MSI-high	MSI-H	inferred-MSI	2031	456	0.123092073	0.586410635	0.031511571	0.029049729	0.187592319	0.042343673	NA	NA	NA	NA	3.455491621	5.510961919	5.360715425	3.66106548	1	0	0.99065	0.00607	0.93252	0.96544	0.00463	0	0	0.132192875	-0.278275423	-1.878593516	0.081027888	7.72E-05	-0.126544213	0.668593331	0.507571855	0.699022798	0.300977202	0
ACH-000933	Pancreatic Cancer	MSI	NA	inferred-MSI	1536	313	0.135416667	0.548828125	0.037760417	0.026041667	0.205729167	0.046223958	Missense_Mutation	Missense_Mutation	NA	NA	5.00495076	3.614709844	4.071247819	3.502075956	1	0.00084	0.93111	0.00053	0.01922	0.42249	0.00207	0.00383	0	NA	NA	NA	NA	0.691905106	-0.374388944	-0.890008733	-0.544401056	0.662503576	0.337496424	0
ACH-000936	Ovarian Cancer	MSI-high	MSI-H	inferred-MSI	1736	339	0.108870968	0.680299539	0.025345622	0.02764977	0.1359447	0.021889401	NA	NA	NA	NA	4.786073552	4.015247774	3.757023247	3.468583317	1	0.00716	0.94119	0.01525	0.94127	0.95556	0.00705	0.00599	0	NA	NA	NA	NA	0.594177222	-0.426599768	-0.560791298	-0.800751612	0.814659458	0.185340542	0
ACH-000938	Leukemia	MSI-high	MSI-H	inferred-MSI	2330	136	0.067811159	0.799141631	0.013733906	0.013733906	0.09055794	0.015021459	NA	NA	NA	NA	5.682011391	3.234194723	6.688600011	3.882643049	NA	0	0.8571	0.09388	0.9	0.90477	0.01317	0.00904	NA	-2.075701319	-0.413763834	-0.418363146	-2.457501096	0.994210233	0.218867432	-1.202768656	1.590886089	0.914549726	0.085450274	0
ACH-000897	Thyroid Cancer	MSI	NA	inferred-MSI	1200	54	0.1475	0.475833333	0.0325	0.03	0.281666667	0.0325	NA	NA	Frame_Shift_Ins;Frame_Shift_Del	NA	4.94204526	5.225737653	2.232660757	3.401903472	NA	0	1	0.02802	0.94899	0.96429	0.10059	0	0	NA	NA	NA	NA	0.663818027	-0.530545285	0.434156604	-2.044356366	0.562395222	0.437604778	1
ACH-000940	Endometrial/Uterine Cancer	MSI-high	MSI-H	inferred-MSI	2796	508	0.107653791	0.45565093	0.02360515	0.028612303	0.360515021	0.023962804	NA	NA	NA	NA	0.333423734	5.133810091	4.372255648	4.648465443	NA	NA	NA	NA	NA	NA	NA	NA	NA	NA	NA	NA	NA	-1.393914845	1.412688509	0.358597827	-0.298832978	0.449922219	0.550077781	0
ACH-000941	Endometrial/Uterine Cancer	MSI	NA	inferred-MSI	2574	75	0.15967366	0.633644134	0.012043512	0.01981352	0.154623155	0.02020202	NA	NA	NA	Nonsense_Mutation	5.39609097	5.031218731	3.15704371	3.942983598	1	0.00255	0.93846	0.02295	0.9726	0.97944	0	0.00094	0	NA	NA	NA	NA	0.866547797	0.312930781	0.274274066	-1.290226661	0.799782163	0.200217837	0
ACH-000942	Leukemia	MSI	NA	inferred-MSI	2008	78	0.067729084	0.609561753	0.022908367	0.02440239	0.261952191	0.013446215	Nonsense_Mutation	NA	NA	NA	3.264536431	4.399854674	2.253989266	3.85698569	NA	0	0.96553	0.07281	0.98028	0.96836	0.02041	0.00238	NA	NA	NA	NA	NA	-0.085183609	0.178870825	-0.244668186	-2.026956151	0.654262434	0.345737566	0
ACH-000943	Colon/Colorectal Cancer	MSI-high	MSI-H	inferred-MSI	3805	692	0.145072273	0.479894875	0.034428384	0.042312746	0.269382392	0.02890933	Missense_Mutation	NA	Frame_Shift_Del	NA	0.201633861	4.672990994	3.804260116	2.482848283	1	0.01964	1	0.02179	0.7744	0.98678	0.2825	0.0026	0	0.324099375	-1.082294666	-1.530380722	0.083486056	-1.452758548	-1.963237075	-0.020167004	-0.76221485	0.552181075	0.447818925	Double
ACH-000946	Endometrial/Uterine Cancer	MSI	NA	inferred-MSI	2345	450	0.112153518	0.462686567	0.030277186	0.039232409	0.339445629	0.016204691	Frame_Shift_Del	NA	Frame_Shift_Ins	NA	0.443606651	5.264161071	4.731183242	3.641546029	1	0.00201	0.97298	0.0065	0.97805	0.98594	0.91366	0	NA	-0.618453458	-2.044743217	-1.468072137	-0.81799116	-1.34471857	-0.156972589	0.46573828	-0.006012822	0.477895629	0.522104371	Double
ACH-000947	Ovarian Cancer	MSI-high	MSI-H	inferred-MSI	2102	396	0.153663178	0.506184586	0.035680304	0.026641294	0.246907707	0.030922931	NA	NA	NA	NA	0.411426246	4.645009884	5.460742564	4.272769732	1	0	0.9621	0.00207	0.07535	0.24926	0.82642	0	NA	NA	NA	NA	NA	-1.359087005	0.827026009	-0.043165747	0.589175952	0.601450122	0.398549878	0
ACH-000948	Gastric Cancer	MSI-high	MSI-H	inferred-MSI	2485	561	0.134808853	0.587927565	0.018913481	0.030583501	0.190744467	0.037022133	NA	NA	NA	NA	0.275007048	4.073820233	3.680324357	4.075532631	NA	NA	NA	NA	NA	NA	NA	NA	NA	NA	NA	NA	NA	-1.419997685	0.519558101	-0.512648355	-0.863324068	0.7010159	0.2989841	0
ACH-000949	Gastric Cancer	MSS	MSI-H	inferred-MSI	1848	460	0.134199134	0.609848485	0.038961039	0.038961039	0.147186147	0.030844156	NA	NA	NA	NA	1.163498732	4.989139007	4.790772038	4.213347282	1	0.00883	0.21601	0.02468	0.96	0.60055	0.79846	0.00091	0	NA	NA	NA	NA	-1.023289355	0.73439386	0.239687133	0.042600884	0.759934831	0.240065169	0
ACH-000950	Colon/Colorectal Cancer	MSI-high	MSI-H	inferred-MSI	2535	565	0.117554241	0.639842209	0.025246548	0.018145957	0.172386588	0.026824458	NA	NA	NA	NA	5.223036338	4.015247774	5.067380578	4.021479727	1	0.00571	0.5647	0.03343	0.97308	0.84121	0	0.00568	NA	NA	NA	NA	NA	0.789279529	0.435296403	-0.560791298	0.268263545	0.767388218	0.232611782	0
ACH-000952	Prostate Cancer	MSI	NA	inferred-MSI	1640	332	0.05304878	0.629268293	0.026219512	0.02195122	0.241463415	0.02804878	NA	NA	NA	NA	5.56315813	0.464668267	5.194559886	4.489286023	NA	0	0.78508	0.07503	0.93118	0.8759	0.04586	0.0425	0	NA	NA	NA	NA	0.941142681	1.164547754	-3.479148314	0.372018914	0.678230479	0.321769521	0
ACH-001203	Lymphoma	MSI-low	MSS/MSI-L	inferred-MSI	2072	109	0.079150579	0.66023166	0.031370656	0.073359073	0.122586873	0.033301158	NA	Nonsense_Mutation	NA	NA	NA	NA	NA	NA	NA	NA	NA	NA	NA	NA	NA	NA	NA	NA	NA	NA	NA	NA	NA	NA	NA	0.668002693	0.331997307	1
ACH-000954	Endometrial/Uterine Cancer	MSI	NA	inferred-MSI	4821	299	0.180875337	0.681186476	0.016386642	0.017838623	0.093756482	0.009956441	NA	NA	Frame_Shift_Del	Nonsense_Mutation	5.762614579	5.841721581	4.300123725	3.694880193	1	0.00279	0.98922	0.02325	0.993	0.94722	0	0	NA	-1.265487165	-3.225008023	0.099951219	-0.484334422	1.030199265	-0.073831316	0.94045734	-0.357679613	0.902318638	0.097681362	Double
ACH-001091	Colon/Colorectal Cancer	MSI	NA	inferred-MSI	783	15	0.291187739	0.453384419	0.007662835	0.034482759	0.169859515	0.043422733	Missense_Mutation	Missense_Mutation	Frame_Shift_Del	NA	NA	NA	NA	NA	NA	NA	NA	NA	NA	NA	NA	NA	NA	NA	NA	NA	NA	NA	NA	NA	NA	0.670261986	0.329738014	1
ACH-000956	Prostate Cancer	MSI-high	MSI-H	inferred-MSI	2331	607	0.087945088	0.685971686	0.018447018	0.023595024	0.162591163	0.021450021	NA	NA	NA	NA	6.113950482	5.118941073	5.23227701	4.399171094	NA	NA	NA	NA	NA	NA	NA	NA	NA	NA	NA	NA	NA	1.187069478	1.02406988	0.346376412	0.402789282	0.789073667	0.210926333	0
ACH-000957	Colon/Colorectal Cancer	MSI-high	MSI-H	inferred-MSI	2351	587	0.12079966	0.502764781	0.028498511	0.03275202	0.236069758	0.07911527	Missense_Mutation	NA	NA	NA	4.674121633	4.802193217	3.888499736	3.340562269	1	0.00615	0.03026	0.02251	0.98045	0.56207	0.0194	0.0016	NA	-1.112871827	-1.942631498	-2.465236698	-1.053662769	0.544191095	-0.626168528	0.086029242	-0.693490519	0.582315755	0.417684245	0
ACH-000958	Colon/Colorectal Cancer	MSI-high	MSI-H	inferred-MSI	3170	561	0.113880126	0.678864353	0.018927445	0.024290221	0.140063091	0.023974763	NA	NA	NA	NA	0.632268216	5.778734244	4.663913842	4.676944359	1	0.0016	0.8854	0.00967	0.48885	0.93135	0.94206	0.00386	NA	-0.076830804	NA	0.016179792	0.237200512	-1.260481863	1.457083568	0.88868564	-0.060892515	0.79392664	0.20607336	0
ACH-000959	Colon/Colorectal Cancer	MSI	NA	inferred-MSI	2284	566	0.149299475	0.571366025	0.019702277	0.021015762	0.202714536	0.035901926	NA	NA	Missense_Mutation;Frame_Shift_Del	Nonsense_Mutation	4.038260575	5.256255873	4.51412226	3.195347598	1	0.00213	0.6944	0.01554	0.94585	0.92942	0.07041	0.00146	0	NA	NA	NA	NA	0.260281428	-0.85253999	0.459240696	-0.183095419	0.692200158	0.307799842	Double
ACH-000960	Leukemia	MSI-high	MSI-H	inferred-MSI	2624	139	0.054496951	0.795731707	0.036585366	0.019435976	0.07660061	0.01714939	NA	NA	NA	Missense_Mutation	3.791814071	6.184875343	7.605923926	3.857980995	1	0	0.95402	0.00445	0.52568	0.7098	0	0.00086	NA	1.120955681	-2.22827022	-2.240940267	1.275578187	0.150243954	0.180422382	1.222508534	2.339256892	0.918672261	0.081327739	0
ACH-000961	Endometrial/Uterine Cancer	MSI	NA	inferred-MSI	3052	541	0.117300131	0.406946265	0.035386632	0.04095675	0.356815203	0.04259502	NA	NA	Missense_Mutation	Missense_Mutation	3.582556003	4.848497755	4.10433666	3.962549023	NA	NA	NA	NA	NA	NA	NA	NA	NA	-1.226511634	-1.395936653	-1.866639487	-0.923253162	0.056810982	0.343430824	0.124088712	-0.517406532	0.414759654	0.585240346	0
ACH-000962	Ovarian Cancer	MSI-high	MSI-H	inferred-MSI	2962	449	0.118501013	0.629642134	0.018568535	0.016205267	0.195813639	0.021269413	NA	In_Frame_Del;Missense_Mutation	NA	NA	5.408032466	5.376776572	5.06995989	3.618238656	NA	NA	NA	NA	NA	NA	NA	NA	NA	NA	NA	NA	NA	0.871879632	-0.193305862	0.558301265	0.270367799	0.741448406	0.258551594	0
ACH-000963	Colon/Colorectal Cancer	MSI-high	MSI-H	inferred-MSI	3459	664	0.089332177	0.477016479	0.021682567	0.021104365	0.355305001	0.03555941	Missense_Mutation	Missense_Mutation	NA	NA	4.46662712	5.783718558	5.357200085	3.889473543	1	0	0.08965	0.02283	0.5886	0.6885	0.04014	0	0	0.664809323	-1.152979369	-1.499146614	0.602339975	0.451545544	0.229515314	0.892782438	0.504703971	0.483356286	0.516643714	0
ACH-000964	Leukemia	MSI	NA	inferred-MSI	2154	150	0.2181987	0.590064995	0.048746518	0.014391829	0.112349118	0.016248839	NA	NA	Missense_Mutation	NA	5.981852653	5.989139007	5.880685525	2.280956314	1	0	1	0.02683	0.9333	0.9957	0	0	NA	NA	NA	NA	NA	1.128088274	-2.277961337	1.061625358	0.931773639	0.82341041	0.17658959	0
ACH-002256	Leukemia	NA	MSS/MSI-L	inferred-MSI	7827	83	0.103615689	0.605979302	0.015714833	0.030918615	0.230228696	0.013542864	NA	Missense_Mutation	Nonsense_Mutation;Missense_Mutation	NA	NA	NA	NA	NA	NA	NA	NA	NA	NA	NA	NA	NA	NA	NA	NA	NA	NA	NA	NA	NA	NA	0.671698301	0.328301699	1
ACH-000966	Ovarian Cancer	MSI-high	MSI-H	inferred-MSI	3498	593	0.128073185	0.567181246	0.019153802	0.02544311	0.230989137	0.02915952	Missense_Mutation;Frame_Shift_Del	NA	NA	NA	2.22650853	4.979110755	2.655351829	3.683696454	NA	0	0.96915	0.01403	0.92118	0.93155	0	0	NA	-2.974970749	-3.18823063	-2.482326291	-1.765918177	-0.548659319	-0.091265362	0.231444529	-1.699516717	0.653525153	0.346474847	0
ACH-000972	Endometrial/Uterine Cancer	MSI	NA	inferred-MSI	3125	899	0.11744	0.5936	0.02272	0.02336	0.21504	0.02784	Missense_Mutation	NA	Missense_Mutation;Frame_Shift_Ins	NA	3.455491621	4.903520374	4.162693432	3.231125158	NA	0	0.98782	0.00694	0.86488	0.99212	0	0.00081	NA	NA	NA	NA	NA	7.72E-05	-0.796767261	0.169313905	-0.469797935	0.689766922	0.310233078	1
ACH-000969	Colon/Colorectal Cancer	MSI-high	MSI-H	inferred-MSI	4089	558	0.088530203	0.730985571	0.015896307	0.016140866	0.125947664	0.022499389	NA	Missense_Mutation	Frame_Shift_Ins	NA	0.150559677	4.22650853	2.538538164	3.439623138	NA	0.00068	0.58672	0.02652	1	0.58672	NA	0	NA	NA	NA	NA	NA	-1.475562987	-0.471745056	-0.387148008	-1.794815591	0.801784804	0.198215196	Double
ACH-000970	Colon/Colorectal Cancer	MSI-high	MSI-H	inferred-MSI	3286	527	0.109251369	0.408094948	0.031649422	0.067255021	0.336275107	0.047474133	NA	NA	NA	Missense_Mutation	0.918386234	5.113117036	4.956056652	3.967168608	1	0.00435	0.29327	0.00944	0.9575	0.72527	0.92632	0.00568	0	-0.164986472	-1.24418613	-0.909049906	-0.043932417	-1.132731201	0.350632177	0.341589414	0.177443308	0.394393266	0.605606734	0
ACH-000971	Colon/Colorectal Cancer	MSI-high	MSI-H	inferred-MSI	3527	745	0.114261412	0.588318684	0.033456195	0.024099802	0.211511199	0.028352708	Nonsense_Mutation	NA	NA	NA	2.752748591	5.862203399	5.418527302	4.206330648	0.9286	0.0113	0.9873	0.0246	0.95252	0.96931	0	0.00144	NA	-0.191934671	-1.04778638	-1.584929404	-0.316491524	-0.313695031	0.723455807	0.957292129	0.554735915	0.682692591	0.317307409	0
ACH-000997	Colon/Colorectal Cancer	MSI-high	MSI-H	inferred-MSI	10327	196	0.297763145	0.459475162	0.016752203	0.035344243	0.154933669	0.035731577	Missense_Mutation	NA	Frame_Shift_Del;In_Frame_Del;Missense_Mutation	NA	5.659924558	6.391630262	2.780310099	3.730096466	1	0	0.98148	0.01724	0.91604	0.9672	0	0.0063	NA	-1.994425846	0.100634515	-0.428574992	-1.763118146	0.984348542	-0.018933563	1.392448305	-1.597573314	0.701141154	0.298858846	1
ACH-000973	Bladder Cancer	MSS	MSS/MSI-L	inferred-MSI	2828	77	0.087340877	0.729137199	0.020862801	0.039250354	0.102899576	0.020509194	Nonsense_Mutation	Missense_Mutation	NA	NA	5.453846774	6.09085343	3.089159132	3.56315813	NA	NA	NA	NA	NA	NA	NA	NA	NA	NA	NA	NA	NA	0.892335555	-0.279169494	1.14522833	-1.345608229	0.847545936	0.152454064	0
ACH-000955	Colon/Colorectal Cancer	MSI-high	MSI-H	inferred-MSI	3031	541	0.126360937	0.61860772	0.023094688	0.019135599	0.18673705	0.026064005	NA	Nonsense_Mutation	NA	NA	4.694880193	2.639232163	5.111865964	3.196921734	NA	0.00736	0.15774	0.01722	0.69695	0.66782	0.01624	0.00369	0	NA	NA	NA	NA	0.553459717	-0.85008611	-1.691791126	0.304555593	0.742835903	0.257164097	1
ACH-000977	Prostate Cancer	MSI-high	MSI-H	inferred-MSI	5239	401	0.255201374	0.425653751	0.013361328	0.060316854	0.229051346	0.016415346	Missense_Mutation	NA	NA	NA	5.299391206	2.538538164	4.115199749	4.559491813	NA	NA	NA	NA	NA	NA	NA	NA	NA	-2.071671343	1.277397633	0.457110436	-2.578227336	0.823371702	1.273989778	-1.774555373	-0.508544211	0.5541206	0.4458794	0
ACH-000978	Endometrial/Uterine Cancer	MSI-low	MSS/MSI-L	inferred-MSI	6166	1412	0.089523192	0.143204671	0.021569899	0.054330198	0.662990594	0.028381447	NA	NA	Missense_Mutation	Nonsense_Mutation	5.078524445	5.474111514	4.158660175	2.565597176	NA	0.00939	0.97437	0.03242	0.95615	0.98212	0.04146	0	NA	NA	NA	NA	NA	0.72475549	-1.834241927	0.638304574	-0.473088345	0.03964192	0.96035808	0
ACH-000979	Prostate Cancer	MSI-high	MSI-H	inferred-MSI	4037	282	0.364627198	0.410453307	0.056229874	0.061184048	0.085707208	0.021798365	Missense_Mutation	Missense_Mutation	Missense_Mutation	Missense_Mutation	4.225737653	5.90014226	5.817367438	3.84899843	1	0.02111	0.99435	0.03594	0.98011	0.97016	0	0.00286	0.2857	-0.753474768	-1.820499405	-2.893766895	-0.831707336	0.343989267	0.16641969	0.98847553	0.880117504	0.768936904	0.231063096	0
ACH-001333	Cervical Cancer	MSI-high	MSI-H	inferred-MSI	2348	476	0.081345826	0.658858603	0.022146508	0.018739353	0.20229983	0.016609881	NA	Frame_Shift_Del;Missense_Mutation;Nonsense_Mutation	NA	NA	5.255878353	4.577730931	5.874796966	4.305970521	NA	NA	NA	NA	NA	NA	NA	NA	NA	NA	NA	NA	NA	0.80394337	0.878781875	-0.09846489	0.926969637	0.744127469	0.255872531	1
ACH-000981	Leukemia	MSI-high	MSI-H	inferred-MSI	5285	314	0.105960265	0.503122044	0.055818354	0.048249763	0.240113529	0.046736045	NA	NA	NA	NA	5.417515003	5.389910925	5.361768359	4.070389328	NA	0.00672	0.94443	0.02876	0.73135	0.97333	0.00561	0.01745	NA	NA	NA	NA	NA	0.87611355	0.511540336	0.569096892	0.508430859	0.561353053	0.438646947	0
ACH-000994	Endometrial/Uterine Cancer	MSI	NA	inferred-MSI	8645	1079	0.081434355	0.676691729	0.020011567	0.017119722	0.191324465	0.013418161	NA	Frame_Shift_Ins	Frame_Shift_Del	NA	6.259272487	4.389566812	5.096346199	4.000901403	0	0.00127	0.91983	0.02839	0.96261	0.95581	0.00681	0.00158	NA	-1.379209002	1.186442415	0.146097382	-1.360259177	1.251955228	0.403217375	-0.253124173	0.291894265	0.754492766	0.245507234	1
ACH-000983	Leukemia	MSI-high	MSI-H	inferred-MSI	3088	280	0.146049223	0.643458549	0.078044041	0.01619171	0.102331606	0.01392487	Missense_Mutation	NA	Frame_Shift_Ins	NA	0.176322773	5.025028794	4.449561375	3.499527024	NA	0	1	0.00018	0.99188	1	NA	0	NA	NA	NA	NA	NA	-1.464059857	-0.378362409	0.269186321	-0.235765453	0.857422049	0.142577951	Double
ACH-000984	Endometrial/Uterine Cancer	MSI	NA	inferred-MSI	5187	847	0.118758435	0.668016194	0.015423173	0.017929439	0.166955851	0.012916908	Frame_Shift_Del	NA	Frame_Shift_Del	Nonsense_Mutation	3.56315813	5.508428653	2.90303827	3.875780063	1	0	0.98717	0.01524	1	0.99565	0	0	NA	-0.252443521	-1.747561632	-1.427010746	-1.473248	0.048149902	0.208168897	0.666511142	-1.49744927	0.788312024	0.211687976	Double
ACH-000985	Colon/Colorectal Cancer	MSI-high	MSI-H	inferred-MSI	6751	783	0.14086802	0.635757666	0.023996445	0.014071989	0.17167827	0.013627611	Missense_Mutation	NA	NA	NA	2.367371066	5.173926932	5.138323004	3.948600847	0.9286	0.02811	0.94043	0.04375	1	0.97327	0.21862	0.00281	NA	0.556845146	-1.542748208	-1.415890361	0.243096604	-0.485764705	0.321687368	0.391571392	0.326139765	0.779196279	0.220803721	0
ACH-000988	Endometrial/Uterine Cancer	MSI-high	MSI-H	inferred-MSI	6096	803	0.094488189	0.501968504	0.034448819	0.022965879	0.329560367	0.016568241	NA	Missense_Mutation	Missense_Mutation	Frame_Shift_Del	0.150559677	4.807354922	4.92314918	3.155425432	NA	NA	NA	NA	NA	NA	NA	NA	NA	-0.062062907	-2.31374258	-2.566082524	0.101866284	-1.475562987	-0.914773641	0.090271845	0.150596748	0.463104903	0.536895097	0
ACH-000974	Endometrial/Uterine Cancer	MSI-high	MSI-H	inferred-MSI	3961	477	0.139611209	0.626861904	0.02019692	0.012118152	0.181014895	0.02019692	NA	NA	Missense_Mutation;Frame_Shift_Del	NA	4.655924213	3.802193217	3.289834465	4.137503524	NA	0	0.88506	0.03166	0.93117	0.9569	0	0	NA	-0.766883153	0.458712389	0.246590662	-1.081562702	0.536066012	0.616162952	-0.735908982	-1.181893364	0.76300569	0.23699431	1
ACH-000953	Leukemia	MSS	MSS/MSI-L	inferred-MSI	2854	295	0.073580939	0.728100911	0.020322355	0.011562719	0.150665732	0.015767344	NA	NA	Frame_Shift_Ins	NA	6.566815154	3.918386234	6.722602637	4.619413011	1	0.00488	0.97333	0.03815	0.9925	0.972	0	0.00203	0	NA	NA	NA	NA	1.389271918	1.36739941	-0.6404055	1.618626097	0.83199422	0.16800578	1
ACH-000928	Endometrial/Uterine Cancer	MSI	NA	inferred-MSI	2125	370	0.103529412	0.694117647	0.022588235	0.016941176	0.142117647	0.020705882	NA	Frame_Shift_Del	NA	NA	4.568032105	2.709290636	4.239550797	4.031218731	NA	NA	NA	NA	NA	NA	NA	NA	NA	NA	NA	NA	NA	0.496822503	0.450478287	-1.63420739	-0.407096193	0.832003615	0.167996385	1
ACH-000965	Endometrial/Uterine Cancer	MSI-high	MSI-H	inferred-MSI	3003	420	0.091908092	0.709290709	0.028971029	0.015651016	0.14019314	0.013986014	NA	Missense_Mutation;Nonsense_Mutation	NA	NA	4.879215637	4.057450272	4.316145742	3.825785627	NA	0.00073	1	0.01434	0.94108	0.98254	0	0.01112	0	NA	NA	NA	NA	0.635764827	0.130233841	-0.526103452	-0.344608537	0.834334456	0.165665544	1
ACH-000967	Colon/Colorectal Cancer	MSI	NA	inferred-MSI	3505	696	0.136376605	0.681883024	0.017974322	0.017689016	0.128958631	0.017118402	NA	NA	Frame_Shift_Ins	NA	4.237257771	3.448900951	2.700439718	4.073820233	NA	0	0.96667	0	0.8182	0.95774	0	0	0	-2.271332477	-0.255808858	0.106798873	-2.176822448	0.349132958	0.516888688	-1.0262934	-1.662733134	0.841017762	0.158982238	1
ACH-000998	Colon/Colorectal Cancer	MSI-high	MSI-H	inferred-MSI	9196	1532	0.162679426	0.511200522	0.013266638	0.072422793	0.212374946	0.028055676	Frame_Shift_Del	NA	Missense_Mutation	NA	2.9202933	4.985955755	4.678635348	3.730096466	NA	0.01596	0.00755	0.04016	0.97956	0.62871	0.01033	0	0	NA	NA	NA	NA	-0.238886924	-0.018933563	0.237070696	-0.048882422	0.587514745	0.412485255	0
ACH-000999	Colon/Colorectal Cancer	MSI	MSS/MSI-L	inferred-MSI	24847	878	0.058236407	0.706322695	0.007043104	0.016138769	0.202076709	0.010182316	Missense_Mutation	Missense_Mutation	Missense_Mutation	Missense_Mutation	1.879705766	4.655351829	5.287620044	3.947666157	1	0	0.139	0.01036	0.86761	0.56981	0.01759	0	NA	NA	NA	NA	NA	-0.703505501	0.320230302	-0.034665308	0.447939212	0.757273744	0.242726256	0
ACH-001042	Ovarian Cancer	MSI	NA	inferred-MSI	108	22	0.148148148	0.398148148	0.018518519	0.055555556	0.342592593	0.037037037	NA	NA	NA	NA	NA	NA	NA	NA	NA	NA	NA	NA	NA	NA	NA	NA	NA	NA	NA	NA	NA	NA	NA	NA	NA	0.431177078	0.568822922	0
ACH-001063	Ovarian Cancer	MSS	MSS/MSI-L	inferred-MSI	1324	147	0.178247734	0.467522659	0.048338369	0.041540785	0.222809668	0.041540785	NA	NA	NA	NA	NA	NA	NA	NA	1	0.00602	0.96154	0.00092	0.87364	0.86763	0.96631	0.00515	NA	NA	NA	NA	NA	NA	NA	NA	NA	0.585057883	0.414942117	0
ACH-000989	Colon/Colorectal Cancer	MSI-high	MSI-H	inferred-MSI	7272	304	0.105885589	0.742711771	0.01210121	0.013613861	0.111111111	0.014576458	NA	Missense_Mutation	Frame_Shift_Ins	NA	5.601993581	4.361066489	1.86393845	4.42693562	NA	0	0.11558	0.00143	0.83688	0.75005	0	0.00452	0	NA	NA	NA	NA	0.95848257	1.067351294	-0.276549678	-2.345167241	0.876023053	0.123976947	1
ACH-000939	Sarcoma	MSI-high	MSI-H	inferred-MSI	2144	390	0.074626866	0.782649254	0.018190299	0.014925373	0.092817164	0.016791045	NA	Frame_Shift_Del	NA	NA	5.137093609	2.867896464	6.108315355	4.056583528	1	0.0053	0.80742	0.00516	0.60012	0.87146	0	0.007	0	NA	NA	NA	NA	0.75090641	0.490018826	-1.503843197	1.117478509	0.908364351	0.091635649	1
ACH-001145	Ovarian Cancer	MSI-high	NA	inferred-MSI	2929	463	0.120518948	0.636394674	0.018094913	0.016387846	0.188118812	0.020484807	NA	Missense_Mutation;In_Frame_Del	NA	NA	5.6923714	6.121637118	6.448405435	4.025028794	NA	NA	NA	NA	NA	NA	NA	NA	NA	NA	NA	NA	NA	0.998835939	0.440828953	1.17053062	1.394930653	0.753074745	0.246925255	0
ACH-001190	Skin Cancer	MSI-high	MSI-H	inferred-MSI	1182	103	0.08714044	0.620981387	0.025380711	0.0321489	0.204737733	0.029610829	NA	Missense_Mutation	NA	NA	5.417177412	5.097189387	6.184478671	3.7322692	1	0.01419	0.90578	0.00281	0.10152	0.89661	0.0018	0.00435	0	0.070210587	0.048659981	0.104274024	-0.002296258	0.875962817	-0.015546543	0.328497871	1.179614033	0.613923828	0.386076172	0
ACH-001199	Colon/Colorectal Cancer	MSI-high	MSI-H	inferred-MSI	2753	496	0.14202688	0.653105703	0.022520886	0.018888485	0.133672357	0.029785688	NA	NA	NA	NA	NA	NA	NA	NA	NA	NA	NA	NA	NA	NA	NA	NA	NA	NA	NA	NA	NA	NA	NA	NA	NA	0.816142604	0.183857396	0
ACH-000795	Leukemia	MSI-high	MSI-H	inferred-MSI	1366	101	0.054904832	0.780380673	0.032210835	0.01317716	0.095900439	0.023426061	NA	Nonsense_Mutation	NA	NA	5.819412726	3.12763328	5.371210343	4.368069877	NA	0	0.99319	0.06263	0.94575	0.97567	0	0.00749	0	NA	NA	NA	NA	1.055559433	0.975586983	-1.29035558	0.516133814	0.90865276	0.09134724	1
ACH-001127	Leukemia	MSI-high	MSI-H	inferred-MSI	6324	341	0.150379507	0.710468058	0.036211259	0.014705882	0.080487034	0.007748261	NA	NA	Frame_Shift_Del	NA	NA	NA	NA	NA	NA	NA	NA	NA	NA	NA	NA	NA	NA	NA	NA	NA	NA	NA	NA	NA	NA	0.911498239	0.088501761	1
ACH-000995	Leukemia	MSI-high	MSI-H	inferred-MSI	7449	660	0.070210767	0.802658075	0.032621828	0.015975299	0.065646395	0.012887636	NA	Nonsense_Mutation	Frame_Shift_Del;Missense_Mutation	NA	5.653060017	2.049630768	2.424922088	4.181897643	NA	0	NA	0.07407	0.99735	0.77679	0	8.00E-04	NA	-1.912751108	0.254396951	0.040029763	-0.946157018	0.981283549	0.685367817	-2.17640705	-1.887505809	0.945654167	0.054345833	1
ACH-001498	Lymphoma	MSI-low	MSS/MSI-L	inferred-MSI	2639	130	0.108753316	0.38878363	0.027661993	0.03486169	0.308071239	0.131868132	NA	NA	NA	NA	NA	NA	NA	NA	NA	NA	NA	NA	NA	NA	NA	NA	NA	NA	NA	NA	NA	NA	NA	NA	NA	0.39103818	0.60896182	0
ACH-001517	Endometrial/Uterine Cancer	NA	MSI-H	inferred-MSI	5305	171	0.151932139	0.634495759	0.01470311	0.017530631	0.157587182	0.023751178	NA	NA	Frame_Shift_Del	Nonsense_Mutation	NA	NA	NA	NA	NA	NA	NA	NA	NA	NA	NA	NA	NA	NA	NA	NA	NA	NA	NA	NA	NA	0.795898836	0.204101164	Double
ACH-001709	Lymphoma	MSI-high	MSI-H	inferred-MSI	1097	143	0.121239745	0.421148587	0.025524157	0.075660893	0.299908842	0.056517776	NA	NA	NA	NA	NA	NA	NA	NA	NA	NA	NA	NA	NA	NA	NA	NA	NA	NA	NA	NA	NA	NA	NA	NA	NA	0.419809964	0.580190036	0
ACH-001738	Leukemia	MSI-low	MSS/MSI-L	inferred-MSI	1730	70	0.031213873	0.815028902	0.023121387	0.015606936	0.097109827	0.017919075	Nonsense_Mutation	NA	NA	NA	NA	NA	NA	NA	NA	NA	NA	NA	NA	NA	NA	NA	NA	NA	NA	NA	NA	NA	NA	NA	NA	0.912371616	0.087628384	0
ACH-002059	Leukemia	NA	MSI-H	inferred-MSI	3198	399	0.084427767	0.631957473	0.024077548	0.03627267	0.193871169	0.029393371	NA	NA	NA	NA	NA	NA	NA	NA	NA	NA	NA	NA	NA	NA	NA	NA	NA	NA	NA	NA	NA	NA	NA	NA	NA	0.71166712	0.28833288	0
ACH-002179	Breast Cancer	MSI-low	MSS/MSI-L	inferred-MSI	836	86	0.11722488	0.403110048	0.108851675	0.04784689	0.29784689	0.025119617	NA	NA	NA	NA	NA	NA	NA	NA	NA	NA	NA	NA	NA	NA	NA	NA	NA	NA	NA	NA	NA	NA	NA	NA	NA	0.439877179	0.560122821	0
ACH-002189	Kidney Cancer	NA	MSS/MSI-L	inferred-MSI	499	59	0.102204409	0.438877756	0.070140281	0.064128257	0.276553106	0.048096192	NA	NA	NA	NA	NA	NA	NA	NA	NA	NA	NA	NA	NA	NA	NA	NA	NA	NA	NA	NA	NA	NA	NA	NA	NA	0.481481159	0.518518841	0
ACH-002222	Leukemia	NA	MSI-H	inferred-MSI	4665	457	0.139121115	0.720257235	0.048660236	0.022936763	0.055948553	0.013076099	NA	NA	NA	NA	NA	NA	NA	NA	NA	NA	NA	NA	NA	NA	NA	NA	NA	NA	NA	NA	NA	NA	NA	NA	NA	0.939578336	0.060421664	0
ACH-002232	Lymphoma	MSI-high	MSI-H	inferred-MSI	1725	253	0.110724638	0.492753623	0.031884058	0.042898551	0.264927536	0.056811594	NA	NA	NA	NA	NA	NA	NA	NA	NA	NA	NA	NA	NA	NA	NA	NA	NA	NA	NA	NA	NA	NA	NA	NA	NA	0.545327562	0.454672438	0
ACH-002238	Leukemia	NA	MSI-H	inferred-MSI	3430	437	0.072594752	0.59154519	0.043440233	0.046355685	0.205830904	0.040233236	NA	Missense_Mutation	Missense_Mutation	NA	NA	NA	NA	NA	NA	NA	NA	NA	NA	NA	NA	NA	NA	NA	NA	NA	NA	NA	NA	NA	NA	0.651424416	0.348575584	0
ACH-000980	Lung Cancer	MSS	MSS/MSI-L	inferred-MSI	2958	47	0.045300879	0.862407032	0.03617309	0.007437458	0.043272481	0.00540906	NA	NA	Nonsense_Mutation	NA	5.913607512	6.394376945	3.243364426	4.676380255	1	0.00322	0.87759	0.0053	0.1586	0.84062	0	0.00086	0	-3.088360119	0.758174874	0.412633518	-1.008743198	1.097617065	1.456204201	1.394705909	-1.219804532	0.991414438	0.008585562	1
ACH-002272	Lymphoma	MSI-high	MSI-H	inferred-MSI	2121	441	0.160301744	0.507307874	0.027817067	0.02310231	0.224893918	0.056577086	NA	NA	NA	NA	NA	NA	NA	NA	NA	NA	NA	NA	NA	NA	NA	NA	NA	NA	NA	NA	NA	NA	NA	NA	NA	0.606745943	0.393254057	0
ACH-002275	Leukemia	NA	MSI-H	inferred-MSI	1345	182	0.081040892	0.544981413	0.024535316	0.034200743	0.261710037	0.053531599	NA	NA	NA	NA	NA	NA	NA	NA	NA	NA	NA	NA	NA	NA	NA	NA	NA	NA	NA	NA	NA	NA	NA	NA	NA	0.580522898	0.419477102	0
ACH-002287	Colon/Colorectal Cancer	NA	MSI-H	inferred-MSI	2543	365	0.156508061	0.597325993	0.028706252	0.042076288	0.145497444	0.029885961	Frame_Shift_Del	Nonsense_Mutation	NA	NA	NA	NA	NA	NA	NA	NA	NA	NA	NA	NA	NA	NA	NA	NA	NA	NA	NA	NA	NA	NA	NA	0.75100551	0.24899449	Double
