TCGA-A5-A0G9	1	2	7	10	5	6	5	11	2	1	37	25
TCGA-A5-A0GA	0	0	8	5	1	3	12	8	1	0	31	21
TCGA-A5-A0GB	2	1	15	10	2	4	12	8	1	1	48	55
TCGA-A5-A0GD	0	0	0	1	0	0	0	0	0	0	0	0
TCGA-A5-A0GH	1	1	12	7	1	3	4	11	2	2	32	27
TCGA-A5-A0GI	0	1	7	11	2	1	5	12	1	0	28	22
TCGA-A5-A0GW	1	1	12	9	0	0	6	5	1	1	26	29
TCGA-A5-A0VP	3	1	21	18	4	5	12	14	5	2	170	174
TCGA-A5-A0VQ	1	1	6	2	3	1	2	3	1	0	37	37
TCGA-A5-A2K3	2	1	22	9	1	5	12	14	2	2	174	143
TCGA-A5-A2K7	0	0	9	7	0	2	9	6	2	0	61	47
TCGA-A5-A7WJ	4	4	12	7	5	1	9	8	1	0	36	31
TCGA-A6-2672	6	5	38	26	4	7	8	19	1	2	61	44
TCGA-A6-3809	18	5	51	30	4	4	23	15	1	1	83	85
TCGA-A6-5665	6	8	61	42	6	3	24	35	1	2	123	117
TCGA-A6-6653	4	3	27	12	0	3	13	16	2	0	95	91
TCGA-A6-6781	5	1	30	15	4	4	14	23	2	1	204	190
TCGA-AA-3492	7	4	57	50	9	13	20	35	4	2	174	162
TCGA-AA-3672	2	4	54	38	3	4	26	34	7	1	137	106
TCGA-AA-3713	3	3	14	6	4	4	5	14	1	4	91	79
TCGA-AA-3715	18	9	74	58	15	17	26	29	6	4	143	141
TCGA-AA-3811	10	7	59	44	7	9	13	22	4	3	76	48
TCGA-AA-3815	5	4	36	29	4	3	12	12	1	1	72	48
TCGA-AA-3821	2	3	10	15	8	2	8	17	4	7	81	65
TCGA-AA-3833	3	2	6	6	0	2	10	6	2	0	27	29
TCGA-AA-3864	7	1	30	29	4	5	25	31	2	2	297	262
TCGA-AA-3877	6	2	18	22	5	3	19	22	4	4	118	92
TCGA-AA-3949	9	6	31	29	5	9	12	28	5	2	121	102
TCGA-AA-3950	7	2	31	23	4	6	15	28	1	2	64	42
TCGA-AA-3966	14	8	24	21	4	9	13	17	1	2	41	32
TCGA-AA-A01P	5	2	19	16	3	4	15	6	1	0	73	68
TCGA-AA-A01R	5	2	41	22	5	3	16	24	0	1	195	166
TCGA-AA-A022	2	1	28	17	4	4	17	21	3	0	147	113
TCGA-AA-A02R	7	10	38	20	6	10	25	20	2	1	91	67
TCGA-AD-6895	6	2	29	25	14	18	16	20	2	8	134	144
TCGA-AD-6964	2	2	66	41	14	12	21	18	1	2	132	107
TCGA-AD-A5EJ	6	5	41	30	3	1	23	31	0	0	111	81
TCGA-AG-3891	4	7	41	29	6	4	6	5	2	3	33	20
TCGA-AG-3906	3	1	34	28	4	7	8	13	6	2	19	35
TCGA-AJ-A23O	9	7	38	31	14	12	18	27	5	1	64	48
TCGA-AJ-A2QO	2	3	42	19	3	3	15	16	6	3	100	89
TCGA-AJ-A3BG	2	0	21	9	6	2	11	13	1	0	139	152
TCGA-AJ-A3BH	3	2	39	30	3	3	54	42	2	4	345	283
TCGA-AJ-A3OJ	1	1	19	16	3	1	14	10	2	0	102	60
TCGA-AJ-A3OL	0	1	3	2	1	0	1	3	1	1	28	16
TCGA-AJ-A8CT	0	1	7	4	0	0	4	4	1	2	85	89
TCGA-AJ-A8CV	0	0	9	5	3	0	2	3	1	0	21	12
TCGA-AJ-A8CW	1	1	16	10	1	3	11	10	3	0	60	49
TCGA-AM-5821	13	8	23	24	7	6	18	16	0	2	89	95
TCGA-AP-A054	6	10	104	60	9	6	15	8	2	2	45	28
TCGA-AP-A0LD	1	0	21	16	4	2	6	8	5	0	40	31
TCGA-AP-A0LE	1	2	12	10	2	2	4	9	0	1	28	29
TCGA-AP-A0LG	0	0	11	4	1	3	8	7	0	0	38	26
TCGA-AP-A0LP	2	0	12	5	2	1	5	2	0	2	18	33
TCGA-AP-A0LS	0	0	15	11	1	1	3	10	2	1	26	23
TCGA-AP-A0LT	1	2	17	9	3	2	6	7	3	1	64	53
TCGA-AP-A1DM	1	2	16	4	0	2	8	6	0	1	44	21
TCGA-AP-A1DO	3	1	16	9	2	6	5	9	1	1	62	47
TCGA-AP-A1DP	1	4	8	4	0	4	4	12	1	1	35	33
TCGA-AP-A1DR	1	0	16	6	0	4	9	8	2	0	59	51
TCGA-AP-A1E1	1	4	15	10	2	3	9	16	0	3	47	42
TCGA-AU-6004	4	3	21	22	2	3	7	20	2	0	93	62
TCGA-AX-A05S	1	2	8	5	2	3	2	7	4	2	42	42
TCGA-AX-A05Y	0	0	6	1	1	0	1	4	0	1	21	22
TCGA-AX-A063	8	3	64	45	6	6	14	17	0	1	63	44
TCGA-AX-A064	3	0	9	11	1	0	4	7	0	0	24	13
TCGA-AX-A06H	2	1	8	11	1	3	2	4	3	0	36	25
TCGA-AX-A0J1	3	6	58	63	4	5	97	71	4	6	726	534
TCGA-AX-A1C4	2	1	27	13	1	2	12	18	2	2	91	56
TCGA-AX-A1C5	2	2	22	12	2	4	6	13	1	0	109	74
TCGA-AX-A1C9	2	4	19	13	1	2	8	7	1	0	109	112
TCGA-AX-A2HJ	3	2	144	96	11	9	10	24	4	6	120	53
TCGA-AX-A2IN	1	2	21	15	0	1	11	10	3	1	39	40
TCGA-AX-A3FS	3	0	19	18	3	0	9	15	4	2	74	46
TCGA-AX-A3G8	2	2	13	7	1	1	5	6	0	0	77	59
TCGA-AX-A3G9	0	1	15	9	2	2	8	13	0	2	56	58
TCGA-AY-6197	5	5	53	30	4	1	16	21	0	2	59	74
TCGA-AZ-4313	0	1	9	5	0	0	2	7	1	0	41	43
TCGA-AZ-6598	2	6	50	30	4	6	20	48	2	4	229	180
TCGA-B5-A0JR	4	3	22	21	2	3	12	12	0	2	47	46
TCGA-B5-A0JU	0	0	15	10	3	2	10	6	1	0	43	34
TCGA-B5-A0JV	1	0	3	2	3	2	2	8	0	2	27	34
TCGA-B5-A0JZ	1	0	11	6	1	0	12	5	2	0	38	33
TCGA-B5-A0K6	0	1	7	4	0	2	8	11	1	0	37	30
TCGA-B5-A0K9	3	2	17	14	2	3	7	12	4	2	83	56
TCGA-B5-A11G	4	4	35	26	2	3	2	2	2	2	23	26
TCGA-B5-A11H	2	3	37	22	1	3	10	11	3	1	70	59
TCGA-B5-A11J	1	1	12	5	0	3	7	5	2	2	39	40
TCGA-B5-A11U	1	2	8	4	0	1	8	5	1	1	25	29
TCGA-B5-A1MW	12	5	42	49	3	6	10	5	2	0	22	19
TCGA-B5-A3FC	28	46	266	317	30	33	232	167	7	17	1684	1180
TCGA-B5-A5OC	4	1	31	17	6	5	14	15	1	3	81	76
TCGA-B7-5816	8	7	39	24	4	4	18	13	1	0	82	52
TCGA-B7-A5TI	3	1	12	7	3	1	5	9	4	3	40	45
TCGA-B7-A5TJ	3	3	2	0	2	0	1	5	2	0	27	17
TCGA-BG-A0LX	0	1	19	8	2	0	8	6	1	2	34	30
TCGA-BG-A0M0	0	1	2	1	1	1	1	3	0	1	12	12
TCGA-BG-A0M4	2	1	36	24	1	2	7	6	1	1	35	36
TCGA-BG-A0MQ	0	3	13	11	1	4	9	11	0	3	51	38
TCGA-BG-A0VW	0	3	11	5	0	1	10	15	2	0	45	34
TCGA-BG-A0VZ	1	2	6	4	0	0	4	7	0	1	24	22
TCGA-BG-A18B	1	0	6	5	1	0	5	7	0	0	33	20
TCGA-BG-A220	1	1	18	10	0	4	7	15	1	2	79	54
TCGA-BG-A221	1	6	77	32	2	4	8	13	2	0	121	100
TCGA-BG-A222	8	4	325	201	39	61	26	35	4	3	404	322
TCGA-BG-A2L7	1	1	10	15	2	4	9	9	0	2	58	43
TCGA-BG-A3EW	2	1	18	6	5	1	11	7	1	1	44	23
TCGA-BK-A0C9	0	0	14	16	7	3	8	13	9	9	51	47
TCGA-BK-A13B	3	1	16	7	4	4	9	18	1	1	59	46
TCGA-BR-4184	7	2	49	46	7	4	33	23	0	3	409	325
TCGA-BR-4201	3	3	35	13	1	5	11	6	1	0	111	99
TCGA-BR-4256	8	6	30	22	3	6	16	18	2	0	70	56
TCGA-BR-4257	6	4	31	26	3	3	14	14	2	3	92	65
TCGA-BR-4292	6	4	15	11	2	2	11	18	0	2	106	99
TCGA-BR-4361	7	5	143	62	15	13	17	16	7	5	150	137
TCGA-BR-4362	11	16	40	32	4	5	12	12	2	3	117	77
TCGA-BR-4363	3	4	13	8	1	2	6	5	1	0	42	31
TCGA-BR-4368	3	2	34	13	0	3	12	10	1	2	103	95
TCGA-BR-4370	1	2	11	13	3	2	9	10	0	0	93	92
TCGA-BR-6802	4	0	8	7	1	3	6	3	2	0	24	38
TCGA-BR-6852	9	6	13	14	4	3	10	14	1	0	66	48
TCGA-BR-7703	0	0	8	14	0	1	8	9	1	2	50	46
TCGA-BR-7707	8	3	45	15	4	4	12	16	3	3	76	79
TCGA-BR-7851	7	2	26	27	5	3	16	19	1	0	121	99
TCGA-BR-8059	11	13	17	12	5	4	11	15	7	12	42	45
TCGA-BR-8078	8	5	42	13	0	4	12	11	2	2	104	98
TCGA-BR-8081	5	3	14	8	0	3	3	15	2	0	59	79
TCGA-BR-8284	1	0	9	6	0	2	7	6	0	2	26	26
TCGA-BR-8360	3	7	11	11	1	3	8	15	2	1	80	54
TCGA-BR-8361	4	3	45	25	4	5	3	18	3	3	112	105
TCGA-BR-8363	8	9	31	17	3	9	17	12	2	0	90	66
TCGA-BR-8368	5	2	21	12	0	2	14	10	2	2	71	66
TCGA-BR-8372	6	4	64	29	5	2	19	16	1	3	63	64
TCGA-BR-8382	6	3	19	12	0	0	15	10	0	0	61	70
TCGA-BR-A4QL	6	6	34	15	7	3	11	20	2	4	139	109
TCGA-BS-A0TA	2	0	10	6	0	1	7	9	2	0	34	29
TCGA-BS-A0TE	3	1	11	6	0	2	6	11	2	2	27	22
TCGA-BS-A0TJ	3	1	12	12	1	5	7	8	1	0	44	45
TCGA-BS-A0U8	1	1	8	6	2	1	4	7	1	0	38	29
TCGA-BS-A0UA	0	0	4	7	0	2	4	9	0	1	25	27
TCGA-BS-A0UJ	26	25	188	101	11	24	25	33	2	0	22	43
TCGA-BS-A0UL	1	1	10	4	2	2	4	5	0	1	32	29
TCGA-BS-A0UM	2	0	12	5	5	0	10	11	0	5	47	19
TCGA-BS-A0V4	1	0	9	5	1	1	5	10	1	1	28	26
TCGA-BS-A0VI	1	1	9	7	1	2	7	7	1	3	25	24
TCGA-CD-8536	0	0	14	9	2	1	7	8	3	2	54	50
TCGA-CD-A4MJ	2	2	16	17	1	3	9	13	1	3	61	37
TCGA-CG-4305	9	3	41	19	2	2	21	16	3	3	94	79
TCGA-CG-4306	2	1	18	20	1	6	6	10	1	0	98	71
TCGA-CG-4442	2	5	47	40	4	7	16	18	1	1	74	88
TCGA-CG-4460	2	8	25	17	3	6	9	20	5	5	165	160
TCGA-CG-4465	4	1	21	10	3	1	7	10	1	1	36	41
TCGA-CG-5721	9	5	333	188	13	27	17	18	3	3	163	159
TCGA-CG-5723	10	9	50	41	2	5	13	12	2	3	125	130
TCGA-CG-5726	8	5	22	26	5	8	15	11	3	2	103	81
TCGA-CG-5728	5	7	26	15	2	3	8	22	0	1	84	75
TCGA-CG-5733	1	1	24	19	2	2	10	11	1	2	79	68
TCGA-CK-4951	12	3	65	58	33	70	27	33	13	21	279	361
TCGA-CK-5913	2	2	22	20	5	2	16	16	2	1	68	54
TCGA-CK-5916	3	3	37	18	1	1	17	21	1	2	132	97
TCGA-CK-6746	7	3	36	21	0	6	21	18	3	2	95	93
TCGA-CK-6747	0	1	2	1	0	2	3	0	0	1	11	15
TCGA-CM-4746	1	0	9	5	2	2	4	11	1	2	69	72
TCGA-CM-6162	0	1	9	11	2	1	5	4	0	1	103	128
TCGA-CM-6171	2	3	20	15	2	1	19	16	3	3	96	79
TCGA-CM-6674	2	0	15	16	1	0	2	7	1	1	77	91
TCGA-D1-A0ZO	1	0	10	7	2	4	2	4	2	2	45	34
TCGA-D1-A0ZS	1	3	9	3	1	2	8	4	1	0	31	22
TCGA-D1-A101	1	2	9	11	3	1	5	11	4	2	39	42
TCGA-D1-A160	2	2	11	11	0	2	7	7	1	1	40	23
TCGA-D1-A163	0	0	17	7	2	0	3	5	1	1	32	41
TCGA-D1-A167	2	1	19	17	3	6	15	20	2	1	185	163
TCGA-D1-A16F	2	1	8	9	2	2	2	7	1	1	42	46
TCGA-D1-A16N	1	2	2	3	2	1	2	6	4	1	7	11
TCGA-D1-A174	2	2	13	13	2	0	6	10	3	2	76	69
TCGA-D1-A176	0	1	11	9	1	2	4	11	1	2	26	24
TCGA-D1-A177	3	2	13	20	2	2	9	10	1	1	71	50
TCGA-D1-A17A	0	0	4	6	0	0	3	2	2	0	15	15
TCGA-D1-A17B	1	2	3	1	0	0	4	3	2	1	15	28
TCGA-D1-A17D	0	0	5	9	1	1	7	11	1	2	43	30
TCGA-D1-A17F	0	1	5	4	0	0	1	2	0	1	23	19
TCGA-D1-A17H	1	2	11	10	0	2	12	10	0	2	52	35
TCGA-D1-A17M	1	0	9	4	2	0	9	5	0	0	43	35
TCGA-D1-A17R	1	0	7	7	2	0	2	2	1	2	21	18
TCGA-D1-A17U	2	1	11	4	0	2	8	4	1	0	29	32
TCGA-D1-A1NS	0	2	7	2	4	0	3	7	1	0	17	27
TCGA-D1-A1NY	1	2	19	13	1	5	6	15	0	3	46	41
TCGA-D1-A1NZ	5	2	14	19	2	2	12	24	1	4	55	48
TCGA-D1-A1O7	0	5	2	5	1	2	6	4	2	0	38	29
TCGA-D1-A2G0	1	2	29	10	1	1	6	25	6	4	86	67
TCGA-D1-A2G5	1	3	7	5	2	0	1	3	2	1	19	12
TCGA-D1-A2G6	0	2	0	1	0	1	0	0	1	0	17	12
TCGA-D5-6530	2	4	29	20	3	5	9	19	6	3	87	80
TCGA-D5-6540	9	3	15	11	5	2	20	27	6	0	88	102
TCGA-D5-6927	1	3	30	18	2	1	12	12	0	1	36	52
TCGA-D5-6930	2	7	10	5	4	5	15	18	0	2	134	109
TCGA-D7-A4YV	2	3	7	8	2	1	10	11	1	1	62	70
TCGA-D7-A4YY	6	4	9	6	1	1	9	7	1	2	32	28
TCGA-D7-A6EY	7	8	36	24	5	4	10	6	3	0	82	85
TCGA-DC-6154	2	0	2	0	0	0	2	6	0	0	6	10
TCGA-DF-A2KZ	0	1	15	11	2	1	10	18	1	2	61	52
TCGA-DI-A0WH	1	0	13	8	3	2	12	5	4	2	48	38
TCGA-DI-A1BU	18	15	1030	538	58	76	39	61	13	8	420	325
TCGA-DM-A1HB	11	8	35	32	4	6	24	27	4	0	73	70
TCGA-E6-A2P8	3	1	18	10	2	6	4	10	2	1	44	37
TCGA-E6-A2P9	4	2	20	15	2	4	11	25	4	0	86	52
TCGA-EC-A1NJ	6	2	20	23	1	5	2	2	0	1	11	9
TCGA-EC-A24G	0	2	32	20	2	4	11	13	3	3	123	131
TCGA-EI-6507	2	4	16	12	4	9	21	21	3	3	84	77
TCGA-EI-6882	10	9	22	11	3	2	12	23	1	2	99	109
TCGA-EO-A22S	1	1	13	22	0	3	4	15	1	3	49	45
TCGA-EO-A3AU	1	1	14	8	0	2	11	18	3	1	67	60
TCGA-EO-A3AZ	1	4	18	11	1	1	9	9	1	1	118	101
TCGA-EY-A1GF	0	1	15	10	7	1	14	5	1	0	25	24
TCGA-EY-A1GK	5	6	38	25	3	2	16	12	2	4	57	49
TCGA-EY-A1GO	0	1	3	2	1	0	3	13	2	0	38	21
TCGA-EY-A1GQ	3	0	25	13	3	2	7	7	2	3	28	30
TCGA-EY-A1H0	1	0	8	7	1	5	6	5	1	0	23	31
TCGA-EY-A2OM	3	3	22	10	1	6	12	21	1	0	52	34
TCGA-EY-A2OP	0	3	13	7	3	3	8	10	3	2	36	29
TCGA-EY-A548	2	0	16	9	0	4	6	9	3	1	52	43
TCGA-EY-A549	3	0	6	7	3	1	5	7	2	1	175	171
TCGA-F1-6177	1	2	22	16	1	3	9	13	2	3	117	94
TCGA-F1-6874	3	3	21	7	1	1	10	19	3	0	70	62
TCGA-F1-A448	2	3	14	15	1	2	6	9	0	0	43	38
TCGA-F4-6570	8	4	25	23	6	11	21	28	5	1	114	125
TCGA-F4-6703	6	2	17	12	1	2	5	7	1	2	48	41
TCGA-F4-6856	4	2	19	9	7	1	9	6	2	1	99	85
TCGA-FI-A2D0	20	55	133	103	5	10	47	46	1	4	956	669
TCGA-FI-A2D4	1	1	6	4	1	3	9	3	1	1	28	23
TCGA-FI-A2D6	0	1	32	15	4	3	11	9	2	4	46	42
TCGA-FP-A4BE	3	7	41	18	3	0	15	19	0	0	125	108
TCGA-G4-6304	6	5	20	27	3	5	6	19	4	1	102	69
TCGA-G4-6309	2	4	14	14	2	0	8	11	1	1	65	55
TCGA-G4-6320	3	1	10	10	2	4	17	33	2	1	109	81
TCGA-G4-6586	6	6	29	12	3	3	20	19	2	3	116	86
TCGA-G4-6588	6	5	75	51	4	11	19	38	1	3	154	128
TCGA-HF-7132	8	5	21	12	1	0	15	19	1	2	92	103
TCGA-HF-A5NB	6	8	36	27	2	6	10	10	2	0	98	100
TCGA-HJ-7597	0	1	21	10	2	1	5	8	0	2	51	59
TCGA-HU-A4G8	4	2	44	24	8	4	13	16	1	3	114	107
TCGA-HU-A4G9	0	3	19	15	2	0	6	8	1	0	58	40
TCGA-HU-A4GN	4	3	20	21	0	5	8	5	4	2	97	94
TCGA-HU-A4GQ	1	5	34	26	4	8	11	25	1	7	113	132
TCGA-HU-A4GT	4	2	57	33	4	5	11	21	4	0	100	73
TCGA-HU-A4GU	16	11	15	22	1	5	21	19	2	3	119	98
TCGA-HU-A4GX	3	1	21	18	1	4	13	16	1	1	92	75
TCGA-HU-A4H4	5	5	38	18	2	4	7	9	1	1	35	30
TCGA-HU-A4H8	1	0	13	12	1	4	15	15	4	1	103	101
TCGA-MX-A5UJ	6	5	28	21	0	5	9	18	2	3	108	100
TCGA-PG-A6IB	1	3	12	6	1	1	12	9	1	1	36	25
TCGA-PG-A917	5	3	13	12	7	8	19	19	4	2	66	56
TCGA-QG-A5Z2	8	6	13	12	1	2	9	14	3	0	79	63
TCGA-QS-A5YR	1	1	7	1	0	0	2	4	0	1	26	24
TCGA-R5-A7ZI	2	4	18	20	2	6	6	15	0	3	60	60
TCGA-RD-A8NB	1	2	17	15	0	1	7	5	2	1	52	43
TCGA-SJ-A6ZI	3	0	35	26	5	5	19	28	1	1	176	148
TCGA-SL-A6JA	5	2	15	15	6	1	16	17	0	1	63	68
TCGA-SW-A7EA	1	0	12	15	2	2	5	12	2	1	49	42
TCGA-VQ-A8E3	3	1	32	11	2	0	4	9	5	1	54	43
TCGA-VQ-A8PB	2	1	10	17	1	3	8	8	2	1	66	65
TCGA-VQ-A8PO	7	3	25	21	5	5	8	23	1	2	52	35
TCGA-VQ-A8PP	12	6	54	26	3	1	17	15	2	0	95	67
TCGA-VQ-A8PT	3	0	29	16	5	3	16	25	2	1	105	78
TCGA-VQ-A8PX	4	1	24	20	0	2	5	13	1	1	24	33
TCGA-VQ-A91D	8	5	42	50	6	10	25	22	5	5	175	161
TCGA-VQ-A91E	2	4	32	18	3	2	6	8	2	0	51	37
TCGA-VQ-A91K	4	6	15	17	5	8	11	26	2	8	107	76
TCGA-VQ-AA6D	10	8	18	9	1	8	2	9	4	3	60	41
