TCGA-A6-6141	0	0	0	0	0	0	3	3	0	0	144	228
TCGA-AA-3518	0	0	0	0	0	0	6	7	1	0	101	84
TCGA-AA-3555	0	0	0	0	0	0	4	1	1	1	161	226
TCGA-AA-3977	0	0	0	0	0	0	13	10	1	0	475	738
TCGA-AA-A00N	0	0	0	0	0	0	3	11	0	1	620	1173
TCGA-AD-6964	0	0	0	0	0	0	4	6	0	0	90	83
TCGA-AZ-4315	0	0	0	0	0	0	16	13	1	0	768	1291
TCGA-CA-6717	0	0	0	0	0	0	19	43	1	0	635	1203
TCGA-CA-6718	0	0	0	0	0	0	11	20	0	0	355	561
TCGA-D5-6540	0	0	0	0	0	0	6	2	0	1	112	129
TCGA-EI-6917	0	0	0	0	0	0	2	6	0	0	815	1413
TCGA-F5-6814	0	0	0	0	0	0	31	37	1	6	723	1284
