TCGA-A5-A0G9	2	1	5	9	6	4	9	4	1	0	12	26
TCGA-A5-A0GA	0	0	2	4	5	1	5	2	1	1	18	13
TCGA-A5-A0GB	1	1	7	11	1	4	8	4	2	0	19	29
TCGA-A5-A0GH	1	1	3	10	0	1	3	9	0	1	14	29
TCGA-A5-A0GI	0	0	8	5	0	1	6	2	1	1	15	20
TCGA-A5-A0GW	0	2	3	7	0	2	4	5	0	0	17	11
TCGA-A5-A0VP	0	3	17	33	2	1	8	6	1	3	103	93
TCGA-A5-A0VQ	0	0	4	8	1	0	8	3	1	0	19	18
TCGA-A5-A2K3	0	3	6	19	2	2	12	9	0	1	94	106
TCGA-A5-A2K7	1	1	7	8	0	0	10	2	0	3	33	41
TCGA-A5-A7WJ	2	1	5	11	1	0	8	1	0	1	17	25
TCGA-A6-2672	3	5	18	18	2	4	11	6	0	0	32	37
TCGA-A6-3809	3	3	13	26	2	1	17	10	4	2	39	38
TCGA-A6-5665	5	8	25	40	4	4	17	11	1	1	69	75
TCGA-A6-6653	1	4	8	12	4	3	11	6	0	0	52	66
TCGA-A6-6781	1	2	15	13	0	0	2	5	2	2	91	102
TCGA-AA-3492	3	9	33	36	7	4	26	15	2	1	109	105
TCGA-AA-3672	3	8	20	32	4	6	22	15	1	3	69	89
TCGA-AA-3713	2	5	9	10	5	1	10	10	2	2	37	55
TCGA-AA-3715	9	10	31	35	14	12	22	17	3	4	82	109
TCGA-AA-3811	2	7	23	41	8	7	9	8	0	0	23	55
TCGA-AA-3815	1	1	15	21	6	3	10	4	1	0	32	28
TCGA-AA-3821	1	1	6	8	5	3	13	7	4	1	38	37
TCGA-AA-3833	0	1	7	8	3	1	2	9	1	0	10	17
TCGA-AA-3864	6	4	11	28	2	3	21	17	1	1	141	165
TCGA-AA-3877	2	1	10	17	2	0	6	7	3	1	56	52
TCGA-AA-3949	4	5	14	14	3	4	10	12	3	2	64	72
TCGA-AA-3950	2	1	9	29	2	2	14	9	2	3	24	32
TCGA-AA-3966	5	11	13	15	5	5	13	5	2	2	21	28
TCGA-AA-A01P	0	2	8	15	1	2	5	3	0	3	45	48
TCGA-AA-A01R	2	4	13	21	4	1	20	9	0	0	97	109
TCGA-AA-A022	0	2	8	11	4	2	19	14	1	0	81	86
TCGA-AA-A02R	6	1	14	20	4	5	14	13	3	2	51	45
TCGA-AD-6895	2	3	9	22	15	16	10	7	4	2	92	78
TCGA-AD-6964	1	2	17	58	5	7	11	9	0	3	53	81
TCGA-AD-A5EJ	4	3	12	10	3	2	23	16	1	2	60	65
TCGA-AG-3891	1	2	13	20	3	1	5	4	2	0	21	11
TCGA-AG-3906	4	2	12	24	3	1	5	3	1	2	12	10
TCGA-AJ-A23O	3	5	8	25	3	3	9	14	1	1	20	34
TCGA-AJ-A2QO	1	4	10	15	0	1	15	8	4	2	35	57
TCGA-AJ-A3BG	3	2	10	9	1	1	9	7	2	0	82	76
TCGA-AJ-A3BH	2	2	17	14	3	0	30	32	1	1	169	178
TCGA-AJ-A3OJ	2	1	6	13	0	0	6	3	0	2	33	52
TCGA-AJ-A3OL	1	2	4	7	0	0	0	1	1	0	12	16
TCGA-AJ-A8CT	0	1	4	7	1	0	3	1	0	0	47	49
TCGA-AJ-A8CV	1	0	5	0	0	1	0	0	0	0	10	6
TCGA-AJ-A8CW	1	0	4	10	1	2	6	2	0	0	23	43
TCGA-AM-5821	2	5	11	17	4	1	15	8	1	1	58	56
TCGA-AP-A054	1	5	42	56	1	12	6	5	0	0	18	28
TCGA-AP-A0LD	0	0	3	14	1	3	3	10	2	0	20	24
TCGA-AP-A0LE	1	2	8	15	2	2	5	2	2	0	14	29
TCGA-AP-A0LG	1	2	1	8	1	1	4	7	0	1	21	18
TCGA-AP-A0LP	0	2	2	5	0	1	6	1	1	2	11	14
TCGA-AP-A0LS	4	0	7	13	2	2	3	3	0	0	16	20
TCGA-AP-A0LT	0	0	5	9	0	1	4	2	1	1	33	28
TCGA-AP-A1DM	1	5	9	3	2	0	5	2	1	0	16	17
TCGA-AP-A1DO	2	1	9	9	1	3	9	7	1	2	19	35
TCGA-AP-A1DP	0	0	6	7	2	1	3	5	0	0	22	23
TCGA-AP-A1DR	0	1	5	5	2	0	9	8	0	1	35	36
TCGA-AP-A1E1	2	1	9	6	2	2	10	8	1	1	21	26
TCGA-AU-6004	0	1	8	16	2	0	12	6	0	2	51	50
TCGA-AX-A05S	1	0	6	6	1	1	3	1	0	1	25	34
TCGA-AX-A05Y	0	0	0	4	0	0	0	1	0	1	7	9
TCGA-AX-A063	1	2	18	44	9	1	19	7	0	2	25	52
TCGA-AX-A064	0	0	9	6	0	1	5	3	0	1	18	8
TCGA-AX-A06H	0	0	3	10	1	0	1	0	1	1	14	23
TCGA-AX-A0J1	3	1	26	19	3	3	38	73	2	1	307	471
TCGA-AX-A1C4	3	2	11	26	2	1	10	3	3	1	35	35
TCGA-AX-A1C5	1	1	8	14	1	2	7	5	0	0	63	48
TCGA-AX-A1C9	0	2	9	10	2	3	5	6	0	1	63	85
TCGA-AX-A2HJ	2	2	49	105	2	10	13	11	1	0	33	61
TCGA-AX-A2IN	2	0	8	14	4	2	5	4	1	0	24	23
TCGA-AX-A3FS	0	1	7	19	0	0	7	5	2	3	38	42
TCGA-AX-A3G8	0	0	4	9	0	2	6	5	1	2	45	49
TCGA-AX-A3G9	1	0	4	14	0	4	11	8	0	2	30	43
TCGA-AY-6197	3	3	19	25	1	3	9	1	1	0	28	39
TCGA-AZ-4313	1	1	2	6	0	1	4	2	0	0	18	21
TCGA-AZ-6598	2	7	7	38	9	7	28	18	1	2	103	138
TCGA-B5-A0JR	1	0	10	16	2	3	8	8	0	0	20	28
TCGA-B5-A0JU	1	0	0	3	1	1	4	4	1	0	19	23
TCGA-B5-A0JV	0	0	2	3	0	0	3	3	1	0	22	22
TCGA-B5-A0JZ	0	0	4	4	2	2	6	2	1	1	16	24
TCGA-B5-A0K6	2	0	10	4	1	2	5	2	1	0	20	20
TCGA-B5-A0K9	1	1	6	12	0	1	4	6	0	0	19	33
TCGA-B5-A11G	0	1	20	17	3	4	2	1	0	0	12	13
TCGA-B5-A11H	0	0	5	14	3	4	5	3	1	0	34	41
TCGA-B5-A11J	1	0	2	6	1	2	4	1	1	0	17	26
TCGA-B5-A11U	0	1	3	7	1	1	4	0	2	0	14	21
TCGA-B5-A1MW	1	0	23	26	3	7	3	1	2	0	6	13
TCGA-B5-A3FC	27	21	192	128	19	15	92	172	9	5	566	1010
TCGA-B5-A5OC	5	3	5	19	6	4	21	11	0	1	51	59
TCGA-B7-5816	5	5	21	26	2	3	8	7	2	1	33	47
TCGA-B7-A5TI	0	0	0	10	1	1	7	5	1	0	23	35
TCGA-B7-A5TJ	4	2	2	4	4	1	3	3	1	1	9	11
TCGA-BG-A0LX	1	0	6	13	1	0	9	4	1	0	21	20
TCGA-BG-A0M0	0	0	1	0	0	0	3	0	3	1	4	11
TCGA-BG-A0M4	0	2	13	27	0	0	7	3	0	0	14	18
TCGA-BG-A0MQ	0	1	5	13	4	1	9	5	1	2	21	27
TCGA-BG-A0VW	0	0	3	6	1	0	4	5	1	1	18	27
TCGA-BG-A0VZ	2	0	4	6	0	0	3	2	1	0	14	12
TCGA-BG-A18B	0	0	3	9	0	0	7	3	0	0	12	19
TCGA-BG-A220	0	0	4	14	1	0	9	4	1	2	33	42
TCGA-BG-A221	1	2	22	32	2	2	12	2	1	2	57	59
TCGA-BG-A222	2	3	108	216	33	25	26	20	1	3	166	257
TCGA-BG-A2L7	0	0	5	7	1	2	5	6	2	1	25	39
TCGA-BG-A3EW	0	3	4	9	1	2	7	9	0	1	11	20
TCGA-BK-A0C9	1	2	8	13	4	0	5	7	1	6	27	36
TCGA-BK-A13B	3	2	7	16	1	2	9	6	0	1	27	38
TCGA-BR-4184	3	4	16	22	5	4	8	20	0	2	162	268
TCGA-BR-4201	0	2	13	21	1	0	6	8	0	2	54	75
TCGA-BR-4256	4	3	9	19	1	2	7	5	0	0	37	48
TCGA-BR-4257	0	4	14	25	1	2	10	5	0	0	42	51
TCGA-BR-4292	2	5	6	15	5	2	7	10	3	0	79	67
TCGA-BR-4361	4	1	38	105	4	6	11	5	1	2	67	66
TCGA-BR-4362	7	10	11	27	2	1	7	3	0	3	46	57
TCGA-BR-4363	1	3	3	9	0	0	3	1	0	1	24	26
TCGA-BR-4368	1	1	10	17	2	1	5	10	0	1	65	49
TCGA-BR-4370	4	1	7	13	2	1	5	4	0	0	38	57
TCGA-BR-6802	0	3	7	6	2	0	5	2	1	0	20	27
TCGA-BR-6852	7	3	10	14	2	4	14	7	0	2	51	47
TCGA-BR-7703	4	0	4	6	0	1	5	5	0	1	17	35
TCGA-BR-7707	3	2	15	31	3	1	8	9	0	1	68	50
TCGA-BR-7851	2	0	9	15	1	3	16	10	1	0	54	72
TCGA-BR-8059	3	7	7	10	1	5	8	4	5	4	20	19
TCGA-BR-8078	5	5	13	22	4	3	9	7	3	1	69	63
TCGA-BR-8081	1	4	8	11	2	1	9	9	0	0	40	49
TCGA-BR-8284	0	1	5	1	0	0	3	1	0	0	14	12
TCGA-BR-8360	3	1	5	13	0	1	3	7	1	0	34	40
TCGA-BR-8361	4	3	14	16	1	2	9	10	0	1	69	71
TCGA-BR-8363	4	5	15	22	1	1	11	3	0	0	36	50
TCGA-BR-8368	0	3	7	13	1	1	6	3	1	1	52	42
TCGA-BR-8372	1	2	18	35	1	2	6	7	0	1	34	42
TCGA-BR-8382	1	1	5	10	0	1	4	9	0	0	36	41
TCGA-BR-A4QL	2	2	11	24	4	6	11	6	1	2	75	81
TCGA-BS-A0TA	1	1	8	10	0	1	5	2	0	2	19	19
TCGA-BS-A0TE	0	0	3	4	2	3	3	5	0	1	7	15
TCGA-BS-A0TJ	1	0	3	13	0	0	10	3	1	0	22	35
TCGA-BS-A0U8	1	0	3	8	0	0	3	3	1	0	17	17
TCGA-BS-A0UA	2	2	1	8	0	0	1	2	1	0	21	14
TCGA-BS-A0UJ	11	14	51	104	11	14	19	11	2	1	17	16
TCGA-BS-A0UL	0	1	6	6	1	2	1	1	0	0	16	27
TCGA-BS-A0UM	0	3	6	8	1	0	4	3	0	0	16	22
TCGA-BS-A0V4	0	0	2	6	3	0	6	6	0	0	7	22
TCGA-BS-A0VI	1	0	2	3	0	0	6	3	0	0	18	17
TCGA-CD-8536	1	2	10	17	0	1	7	7	0	0	34	46
TCGA-CD-A4MJ	1	5	3	8	5	0	6	6	0	1	21	27
TCGA-CG-4305	4	4	12	23	4	2	9	3	0	3	41	49
TCGA-CG-4306	0	2	7	14	1	2	14	3	0	2	40	55
TCGA-CG-4442	0	4	8	32	3	1	9	9	1	0	41	48
TCGA-CG-4460	3	4	7	21	4	1	12	12	1	1	86	102
TCGA-CG-4465	0	4	2	7	1	0	10	2	2	1	20	22
TCGA-CG-5721	5	7	100	225	11	16	12	4	3	4	76	105
TCGA-CG-5723	3	4	14	37	2	0	10	10	1	2	73	82
TCGA-CG-5726	0	0	8	22	2	6	7	7	0	0	46	56
TCGA-CG-5728	1	1	14	24	1	1	12	3	2	2	41	56
TCGA-CG-5733	1	5	13	17	2	0	9	12	1	1	42	48
TCGA-CK-4951	4	2	37	39	44	24	17	14	12	9	197	163
TCGA-CK-5913	0	4	4	9	4	1	8	8	0	1	35	47
TCGA-CK-5916	0	2	10	31	6	2	6	10	0	2	60	83
TCGA-CK-6746	2	4	10	23	2	5	16	9	4	1	34	43
TCGA-CK-6747	0	1	0	0	0	0	0	3	0	0	8	5
TCGA-CM-4746	3	3	3	5	1	0	9	7	0	0	47	37
TCGA-CM-6162	2	2	3	11	3	0	5	5	0	2	60	61
TCGA-CM-6171	3	5	12	16	2	2	10	8	4	0	48	54
TCGA-CM-6674	2	3	9	11	1	0	6	3	0	1	44	41
TCGA-D1-A0ZO	2	3	5	6	1	2	6	4	0	1	21	27
TCGA-D1-A0ZS	0	0	3	2	1	0	1	1	1	0	16	20
TCGA-D1-A101	1	0	8	6	1	0	7	4	0	2	21	24
TCGA-D1-A160	2	1	8	14	1	3	5	5	2	0	21	33
TCGA-D1-A163	0	1	10	9	0	0	7	7	2	1	19	31
TCGA-D1-A167	0	0	5	17	2	3	9	8	1	0	91	111
TCGA-D1-A16F	0	0	1	12	0	0	5	3	0	0	21	28
TCGA-D1-A16N	1	0	3	4	0	1	1	0	1	0	4	2
TCGA-D1-A174	1	0	4	6	1	1	7	7	0	0	30	33
TCGA-D1-A176	1	0	1	3	0	0	8	4	0	0	21	27
TCGA-D1-A177	0	1	10	18	1	0	9	6	3	1	29	34
TCGA-D1-A17A	0	0	0	1	2	0	3	2	1	2	12	10
TCGA-D1-A17B	0	0	1	3	0	1	1	2	1	0	13	13
TCGA-D1-A17D	0	1	3	6	1	0	4	4	1	1	23	28
TCGA-D1-A17F	0	0	5	3	0	0	1	0	0	0	20	17
TCGA-D1-A17H	0	1	6	13	1	1	7	7	0	3	21	28
TCGA-D1-A17M	0	1	4	4	0	1	3	3	1	1	14	22
TCGA-D1-A17R	0	0	0	8	1	0	3	1	0	0	9	9
TCGA-D1-A17U	0	0	4	8	1	0	2	3	0	1	23	19
TCGA-D1-A1NS	1	1	2	5	1	1	3	1	1	0	16	20
TCGA-D1-A1NY	1	0	8	5	1	0	5	9	0	2	27	34
TCGA-D1-A1NZ	4	3	4	12	3	6	14	8	2	1	19	35
TCGA-D1-A1O7	1	0	4	3	0	2	0	2	0	0	17	29
TCGA-D1-A2G0	2	0	6	14	0	1	12	6	1	0	36	45
TCGA-D1-A2G5	1	0	1	5	2	3	2	2	0	1	12	9
TCGA-D1-A2G6	1	0	0	1	1	0	0	1	0	0	4	9
TCGA-D5-6530	0	2	7	13	1	2	6	4	1	1	50	63
TCGA-D5-6540	2	4	6	9	2	2	22	14	0	0	58	61
TCGA-D5-6927	3	1	8	13	3	1	9	4	0	0	25	26
TCGA-D5-6930	2	5	5	10	3	2	8	5	0	0	76	83
TCGA-D7-A4YV	0	3	6	7	1	0	5	2	1	1	40	62
TCGA-D7-A4YY	1	6	5	6	1	1	4	4	1	0	19	20
TCGA-D7-A6EY	5	7	18	17	3	3	9	6	0	1	48	46
TCGA-DC-6154	0	2	2	1	0	0	1	4	0	0	1	9
TCGA-DF-A2KZ	0	3	2	13	3	2	5	3	0	1	22	36
TCGA-DI-A0WH	1	0	4	22	1	4	7	4	0	1	21	30
TCGA-DI-A1BU	7	10	275	631	55	29	51	26	9	10	209	254
TCGA-DM-A1HB	2	4	15	39	3	2	11	11	1	1	37	53
TCGA-E6-A2P8	1	1	12	13	1	1	4	3	0	0	17	31
TCGA-E6-A2P9	2	0	11	23	6	1	13	8	0	0	39	44
TCGA-EC-A1NJ	0	0	12	15	3	1	2	1	0	0	6	4
TCGA-EC-A24G	2	3	11	23	3	0	7	5	0	0	86	85
TCGA-EI-6507	0	2	7	11	1	0	18	5	2	0	38	61
TCGA-EI-6882	6	3	11	12	1	4	7	3	0	1	54	65
TCGA-EO-A22S	1	2	6	12	1	0	5	2	1	2	21	34
TCGA-EO-A3AU	1	1	5	5	4	0	9	7	0	2	35	44
TCGA-EO-A3AZ	0	1	7	16	1	3	9	4	1	2	71	61
TCGA-EY-A1GF	0	2	2	4	0	1	3	5	0	1	18	23
TCGA-EY-A1GK	3	3	10	22	1	2	9	10	0	3	32	44
TCGA-EY-A1GO	1	1	6	4	0	0	6	3	0	0	14	23
TCGA-EY-A1GQ	1	1	7	15	2	0	9	2	0	1	27	15
TCGA-EY-A1H0	1	1	1	3	0	1	2	3	2	0	18	10
TCGA-EY-A2OM	2	3	5	12	0	0	4	5	2	0	27	36
TCGA-EY-A2OP	0	1	7	15	0	2	6	8	0	1	15	22
TCGA-EY-A548	1	0	1	12	1	1	4	5	0	0	17	34
TCGA-EY-A549	1	0	3	2	0	2	4	1	0	0	88	98
TCGA-F1-6177	2	1	7	13	0	1	9	7	0	1	46	72
TCGA-F1-6874	0	1	9	18	2	3	11	8	0	0	35	37
TCGA-F1-A448	2	1	6	12	1	0	4	3	1	1	24	21
TCGA-F4-6570	7	5	9	14	7	2	23	18	1	2	60	74
TCGA-F4-6703	2	1	4	12	1	0	9	4	4	0	18	24
TCGA-F4-6856	0	4	11	14	3	4	3	1	0	1	49	53
TCGA-FI-A2D0	17	24	59	86	8	4	30	29	4	1	350	586
TCGA-FI-A2D4	0	0	1	7	1	0	2	2	0	1	13	27
TCGA-FI-A2D6	1	2	2	13	1	1	5	6	1	1	36	34
TCGA-FP-A4BE	1	1	10	18	2	1	11	4	0	1	68	55
TCGA-G4-6304	1	0	7	9	4	1	12	5	2	0	43	55
TCGA-G4-6309	0	2	6	6	2	2	8	6	1	0	50	45
TCGA-G4-6320	1	0	6	8	1	2	16	17	0	3	43	73
TCGA-G4-6586	2	2	7	24	3	1	8	2	0	1	61	55
TCGA-G4-6588	3	6	23	44	5	10	21	16	1	0	88	107
TCGA-HF-7132	1	4	13	13	0	0	11	7	2	0	56	63
TCGA-HF-A5NB	3	1	9	24	3	2	10	1	1	1	64	61
TCGA-HJ-7597	2	2	5	13	1	2	3	2	0	0	24	42
TCGA-HU-A4G8	1	6	12	26	1	1	8	8	2	2	48	76
TCGA-HU-A4G9	0	3	12	12	1	0	3	1	0	1	26	32
TCGA-HU-A4GN	1	6	12	8	0	2	13	9	1	2	34	60
TCGA-HU-A4GQ	2	4	11	16	1	2	13	10	0	1	81	88
TCGA-HU-A4GT	6	2	13	25	0	2	9	6	0	1	49	56
TCGA-HU-A4GU	4	9	5	20	6	3	21	9	2	0	59	74
TCGA-HU-A4GX	2	3	5	14	2	0	12	3	0	0	51	64
TCGA-HU-A4H4	2	6	13	22	2	1	6	3	2	0	17	18
TCGA-HU-A4H8	1	0	5	12	2	2	12	6	0	1	45	56
TCGA-MX-A5UJ	2	1	6	20	2	0	6	10	0	1	61	66
TCGA-PG-A6IB	0	1	1	6	1	1	8	6	0	0	17	24
TCGA-PG-A917	4	1	9	11	1	8	10	11	0	0	20	27
TCGA-QG-A5Z2	4	3	9	16	4	1	11	11	0	0	44	44
TCGA-QS-A5YR	1	0	3	3	1	0	2	0	0	1	13	15
TCGA-R5-A7ZI	3	2	7	12	2	0	4	4	1	1	26	35
TCGA-RD-A8NB	1	0	6	10	1	3	5	2	0	0	28	33
TCGA-SJ-A6ZI	4	5	14	17	1	1	18	9	2	1	90	102
TCGA-SL-A6JA	0	1	9	10	3	1	11	5	0	0	30	46
TCGA-SW-A7EA	2	1	11	4	0	0	8	7	1	0	25	24
TCGA-VQ-A8E3	1	2	5	15	2	1	8	6	0	0	28	21
TCGA-VQ-A8PB	0	1	9	4	1	2	5	3	0	1	29	30
TCGA-VQ-A8PO	2	6	12	16	0	0	12	3	2	0	20	35
TCGA-VQ-A8PP	9	9	27	26	7	1	11	6	1	1	41	61
TCGA-VQ-A8PT	1	3	10	17	1	1	15	13	0	0	40	63
TCGA-VQ-A8PX	2	3	10	25	2	3	4	3	2	0	14	24
TCGA-VQ-A91D	8	6	20	25	7	4	20	4	2	3	104	101
TCGA-VQ-A91E	4	3	7	26	3	1	8	9	0	0	28	29
TCGA-VQ-A91K	2	3	11	13	2	1	10	11	2	2	62	52
TCGA-VQ-AA6D	2	8	12	9	3	4	9	4	1	1	33	29
