TCGA-A5-A0G9	148	162	933	918	511	554	772	770	87	96	2493	2478
TCGA-A5-A0GA	73	54	563	521	112	112	625	589	80	79	1934	1905
TCGA-A5-A0GB	134	139	1339	1314	259	248	979	924	176	197	4438	4545
TCGA-A5-A0GD	0	0	17	14	0	0	0	0	0	0	0	0
TCGA-A5-A0GH	107	138	910	890	80	72	585	588	116	122	2892	2875
TCGA-A5-A0GI	48	45	652	668	113	130	701	672	116	115	2204	2122
TCGA-A5-A0GW	82	74	762	762	92	104	411	409	67	80	2398	2292
TCGA-A5-A0VP	254	219	2390	2437	307	246	1030	1120	297	287	15624	15684
TCGA-A5-A0VQ	77	75	460	433	76	66	400	355	88	65	3022	3007
TCGA-A5-A2K3	131	161	1296	1302	177	172	1433	1433	127	127	13726	13719
TCGA-A5-A2K7	89	107	917	850	133	149	764	703	88	88	4834	4877
TCGA-A5-A7WJ	242	215	959	921	162	157	714	688	105	132	2601	2520
TCGA-A6-2672	594	674	3139	3232	267	281	1572	1619	90	94	4764	4899
TCGA-A6-3809	706	650	2676	2877	345	346	1797	1778	232	185	6584	6607
TCGA-A6-5665	624	621	4715	4436	475	471	2203	2249	199	202	10229	10119
TCGA-A6-6653	304	317	1551	1436	142	136	1175	1196	95	92	8572	8597
TCGA-A6-6781	189	222	2051	2043	249	224	1541	1508	153	180	17413	17126
TCGA-AA-3492	676	624	4261	4287	702	641	2610	2506	329	324	14225	14203
TCGA-AA-3672	583	634	3750	3623	488	454	2350	2303	228	218	10645	10678
TCGA-AA-3713	338	332	1378	1358	307	327	1305	1317	175	182	7022	7002
TCGA-AA-3715	1248	1111	5796	5617	1480	1499	2700	2691	434	459	12088	11996
TCGA-AA-3811	569	578	4593	4650	1221	1223	1537	1466	206	196	5155	5059
TCGA-AA-3815	352	325	2715	2791	490	521	882	962	120	140	4989	4939
TCGA-AA-3821	248	233	1016	1036	369	395	1166	1146	245	258	5910	5917
TCGA-AA-3833	213	214	629	645	105	97	619	648	76	63	2198	2141
TCGA-AA-3864	570	510	2789	2723	384	361	2418	2524	148	174	23327	22732
TCGA-AA-3877	349	359	1809	1709	315	345	1099	1066	225	202	8117	8272
TCGA-AA-3949	539	524	2196	2280	407	407	1933	1919	286	277	8563	8673
TCGA-AA-3950	453	498	2396	2331	289	279	1790	1646	197	191	4199	4194
TCGA-AA-3966	867	895	2171	2139	399	416	1379	1366	199	197	3300	3345
TCGA-AA-A01P	255	254	1489	1532	254	265	1008	962	122	111	6073	5975
TCGA-AA-A01R	461	458	2535	2561	418	372	1814	1793	148	186	15789	15565
TCGA-AA-A022	273	256	2256	2260	292	258	1688	1668	213	159	11162	11347
TCGA-AA-A02R	674	670	2614	2588	695	681	1875	1757	283	272	6618	6268
TCGA-AD-6895	464	429	2375	2355	2073	1961	1278	1335	520	453	12409	12386
TCGA-AD-6964	258	325	4347	4239	1069	985	1710	1708	156	145	10002	9851
TCGA-AD-A5EJ	509	469	2588	2584	285	295	2137	2133	239	215	8725	8678
TCGA-AG-3891	431	423	2508	2564	354	349	410	398	121	115	2232	2175
TCGA-AG-3906	398	430	2585	2536	402	399	672	633	366	358	1735	1769
TCGA-AJ-A23O	674	651	2257	2267	805	784	1707	1611	244	263	3926	3783
TCGA-AJ-A2QO	215	213	2021	1936	165	177	1604	1545	297	307	7220	7174
TCGA-AJ-A3BG	149	122	1183	1147	108	80	846	815	107	123	11821	11904
TCGA-AJ-A3BH	262	216	2620	2590	315	299	3767	3813	209	222	25460	25141
TCGA-AJ-A3OJ	101	79	1289	1281	46	42	988	954	96	108	6478	6367
TCGA-AJ-A3OL	149	128	431	402	46	34	223	203	44	38	1993	1924
TCGA-AJ-A8CT	61	62	346	364	3	8	312	323	55	73	6505	6551
TCGA-AJ-A8CV	47	38	329	366	87	79	217	214	114	84	1544	1505
TCGA-AJ-A8CW	86	59	1019	984	150	137	722	754	123	109	4819	4761
TCGA-AM-5821	854	839	2394	2419	450	461	1938	1762	141	153	7467	7509
TCGA-AP-A054	723	719	7859	7809	918	846	744	776	120	152	3038	3081
TCGA-AP-A0LD	75	77	1205	1143	156	186	741	663	97	102	2866	2769
TCGA-AP-A0LE	82	78	1125	1062	135	174	715	738	81	88	3185	3247
TCGA-AP-A0LG	82	96	576	619	95	75	744	686	76	55	3054	2937
TCGA-AP-A0LP	49	51	515	582	52	46	353	374	147	137	2127	2051
TCGA-AP-A0LS	120	135	859	895	45	65	601	566	91	82	2350	2318
TCGA-AP-A0LT	111	128	989	898	134	157	715	676	110	143	4829	4739
TCGA-AP-A1DM	80	94	521	522	124	107	515	515	113	102	2317	2271
TCGA-AP-A1DO	147	165	919	837	397	376	442	485	131	122	3762	3577
TCGA-AP-A1DP	115	114	834	748	187	141	541	567	144	145	2804	2731
TCGA-AP-A1DR	79	68	994	930	95	83	971	1013	128	103	4635	4665
TCGA-AP-A1E1	163	153	914	962	208	207	983	968	157	163	3517	3450
TCGA-AU-6004	256	252	1740	1777	156	125	963	970	101	116	6940	6712
TCGA-AX-A05S	105	93	761	766	227	235	405	358	85	72	3846	3986
TCGA-AX-A05Y	22	33	287	284	30	28	149	147	55	41	1567	1634
TCGA-AX-A063	417	388	4540	4370	597	643	1414	1421	142	153	4969	4804
TCGA-AX-A064	83	86	749	731	89	89	371	384	83	79	1761	1813
TCGA-AX-A06H	40	53	676	681	108	114	362	358	139	118	2913	2830
TCGA-AX-A0J1	466	464	4361	4371	671	649	7093	6834	320	313	57661	56823
TCGA-AX-A1C4	132	129	1637	1616	207	211	1146	1053	147	181	5486	5534
TCGA-AX-A1C5	186	195	1338	1281	97	130	777	761	75	57	7237	7125
TCGA-AX-A1C9	144	135	1197	1228	103	102	567	604	61	78	9365	9202
TCGA-AX-A2HJ	273	268	8667	8683	507	482	1241	1289	261	224	6535	6597
TCGA-AX-A2IN	137	146	1063	1110	179	163	810	804	94	93	3560	3495
TCGA-AX-A3FS	84	106	1450	1519	101	93	890	849	146	132	4888	4839
TCGA-AX-A3G8	86	84	1023	1008	95	91	818	890	118	99	5710	5546
TCGA-AX-A3G9	172	192	940	969	173	176	866	906	97	91	4535	4505
TCGA-AY-6197	309	316	4108	3973	289	291	1438	1513	169	178	5696	5811
TCGA-AZ-4313	111	119	442	440	117	92	551	529	40	49	3465	3458
TCGA-AZ-6598	506	479	3593	3595	617	615	2714	2649	238	242	16054	16075
TCGA-B5-A0JR	232	246	1736	1732	212	233	1027	1025	77	105	3643	3612
TCGA-B5-A0JU	57	53	580	652	190	199	506	492	82	78	3183	3165
TCGA-B5-A0JV	23	28	376	333	127	144	494	481	70	74	2767	2799
TCGA-B5-A0JZ	53	44	735	759	178	162	704	746	120	100	3494	3305
TCGA-B5-A0K6	56	63	683	677	173	194	711	702	84	58	2637	2674
TCGA-B5-A0K9	246	280	1404	1344	191	177	938	958	99	107	5002	5112
TCGA-B5-A11G	335	348	2781	2672	316	285	307	269	163	150	1846	1800
TCGA-B5-A11H	170	149	2017	1958	267	258	911	907	102	102	6308	6264
TCGA-B5-A11J	82	86	704	722	139	147	512	529	127	119	2965	3004
TCGA-B5-A11U	112	90	589	576	65	71	426	430	52	57	2435	2399
TCGA-B5-A1MW	346	349	3322	3239	398	388	450	422	86	98	1528	1544
TCGA-B5-A3FC	2268	2256	20182	20256	1834	1835	15021	14914	800	782	111249	110638
TCGA-B5-A5OC	202	219	1702	1750	364	358	1941	1792	128	134	6853	6830
TCGA-B7-5816	583	571	3236	3217	317	283	1499	1534	130	142	6688	6712
TCGA-B7-A5TI	199	156	863	883	163	188	732	736	185	184	4069	4092
TCGA-B7-A5TJ	300	288	278	269	110	135	250	237	66	76	1731	1608
TCGA-BG-A0LX	76	83	1164	1102	144	146	674	617	114	108	3124	3027
TCGA-BG-A0M0	33	37	150	167	54	61	187	193	75	78	1057	1027
TCGA-BG-A0M4	254	239	2504	2408	169	165	645	603	80	92	2859	2726
TCGA-BG-A0MQ	200	206	1296	1311	323	312	777	736	192	142	3794	3637
TCGA-BG-A0VW	150	145	699	727	100	120	642	628	129	140	3268	3313
TCGA-BG-A0VZ	116	106	529	529	87	73	447	418	116	131	2165	2111
TCGA-BG-A18B	37	60	551	542	45	34	480	522	82	74	2359	2442
TCGA-BG-A220	73	61	1225	1189	104	88	780	757	132	136	4981	5126
TCGA-BG-A221	316	289	3732	3709	248	205	906	934	188	195	8597	8503
TCGA-BG-A222	425	412	18859	18526	3671	3621	2676	2560	454	460	28240	27862
TCGA-BG-A2L7	105	117	800	728	114	125	650	635	67	73	3970	4030
TCGA-BG-A3EW	118	116	855	869	217	200	811	763	92	105	2491	2450
TCGA-BK-A0C9	93	98	1288	1379	311	300	870	797	723	729	4245	4446
TCGA-BK-A13B	158	161	1192	1226	216	197	884	864	71	72	4013	4005
TCGA-BR-4184	393	414	3518	3586	587	538	2075	2039	189	219	29640	29263
TCGA-BR-4201	250	244	2351	2189	289	290	1013	1008	118	111	9269	9266
TCGA-BR-4256	450	500	2090	2162	322	261	1133	1116	192	170	5757	5714
TCGA-BR-4257	341	367	2657	2698	335	341	1151	1195	137	102	6187	6286
TCGA-BR-4292	459	446	1417	1524	368	331	1170	1182	171	184	9651	9584
TCGA-BR-4361	631	609	10900	10929	1043	1037	1535	1560	303	349	12321	12139
TCGA-BR-4362	1023	983	3369	3320	514	490	1105	1045	258	228	8784	8731
TCGA-BR-4363	220	227	1092	1031	132	116	442	444	44	52	3274	3208
TCGA-BR-4368	174	186	2175	2098	254	265	1095	1072	168	141	8963	8853
TCGA-BR-4370	170	200	1213	1209	211	190	849	860	53	62	7952	8020
TCGA-BR-6802	197	205	819	844	163	159	420	427	45	48	2920	2887
TCGA-BR-6852	594	585	1695	1674	275	309	1194	1234	115	129	6184	6134
TCGA-BR-7703	162	189	944	962	76	92	825	753	107	115	4549	4503
TCGA-BR-7707	517	505	2908	3053	341	315	1210	1217	140	133	8222	8372
TCGA-BR-7851	240	201	2282	2306	319	310	1333	1380	123	109	9725	9742
TCGA-BR-8059	625	667	1192	1234	500	486	984	1023	704	691	3356	3440
TCGA-BR-8078	451	459	3077	2980	339	348	1397	1358	200	180	9071	8931
TCGA-BR-8081	312	330	1414	1387	240	219	1132	1094	88	86	6394	6308
TCGA-BR-8284	109	110	494	447	84	76	529	469	58	61	2346	2287
TCGA-BR-8360	340	329	1200	1203	266	274	1061	1035	138	146	5872	5737
TCGA-BR-8361	458	409	2763	2748	361	384	1282	1346	285	335	10477	10605
TCGA-BR-8363	722	755	2706	2674	367	315	1390	1482	120	123	6753	6700
TCGA-BR-8368	273	248	1371	1401	164	169	888	917	151	153	6940	6831
TCGA-BR-8372	458	439	4955	4780	397	476	1385	1361	160	138	6025	6015
TCGA-BR-8382	427	406	1516	1592	177	153	1054	1076	78	68	5976	5950
TCGA-BR-A4QL	432	469	2518	2443	444	439	1367	1280	237	190	12472	12324
TCGA-BS-A0TA	202	151	1153	1205	59	54	690	653	84	71	2755	2844
TCGA-BS-A0TE	89	90	571	567	241	260	581	497	146	154	1860	1861
TCGA-BS-A0TJ	212	178	1063	1032	156	135	858	876	110	122	4877	4940
TCGA-BS-A0U8	64	65	746	751	165	152	415	378	63	77	3006	2904
TCGA-BS-A0UA	90	72	536	485	115	100	370	374	86	77	2257	2254
TCGA-BS-A0UJ	2418	2425	12550	12331	1539	1550	2732	2644	175	172	2784	2622
TCGA-BS-A0UL	55	43	517	515	186	193	383	385	29	37	2990	2955
TCGA-BS-A0UM	154	152	814	818	188	172	725	704	190	162	3171	3069
TCGA-BS-A0V4	54	48	443	432	77	92	518	496	93	91	2147	2079
TCGA-BS-A0VI	17	25	530	574	43	50	562	599	87	73	1910	1813
TCGA-CD-8536	123	133	1453	1363	179	155	950	913	153	165	5684	5812
TCGA-CD-A4MJ	234	275	1326	1334	142	116	840	744	122	105	3872	3813
TCGA-CG-4305	528	508	2532	2553	276	299	1246	1180	190	209	6818	6714
TCGA-CG-4306	217	182	1433	1457	255	245	905	957	103	123	7343	7370
TCGA-CG-4442	353	351	3774	3715	317	284	1534	1491	123	136	7564	7424
TCGA-CG-4460	433	416	1992	1994	329	285	1340	1303	257	249	14821	14575
TCGA-CG-4465	296	274	1232	1253	140	142	877	884	115	111	3397	3355
TCGA-CG-5721	874	823	23863	23677	1747	1732	1712	1706	464	402	15833	15843
TCGA-CG-5723	729	733	3365	3408	379	397	1378	1298	190	177	10455	10454
TCGA-CG-5726	380	367	2167	2072	557	500	1195	1244	149	149	7931	8020
TCGA-CG-5728	454	446	2765	2566	246	253	1316	1332	247	286	8253	8217
TCGA-CG-5733	361	364	2069	2143	136	135	1145	1109	65	77	6738	6668
TCGA-CK-4951	667	616	5638	5609	5588	5512	3002	3007	1910	1985	34110	34251
TCGA-CK-5913	122	135	1764	1780	305	284	1157	1135	65	81	5229	5033
TCGA-CK-5916	257	234	3019	2996	333	336	1598	1566	232	218	9881	10112
TCGA-CK-6746	435	454	2684	2573	264	247	1516	1503	185	187	6922	6991
TCGA-CK-6747	33	34	107	100	16	28	154	168	43	43	1003	1015
TCGA-CM-4746	172	158	708	650	92	86	896	836	94	72	6573	6770
TCGA-CM-6162	122	108	761	710	92	93	576	553	77	70	9984	10070
TCGA-CM-6171	366	301	1841	1824	202	174	1295	1421	254	241	8529	8478
TCGA-CM-6674	154	151	1469	1534	158	152	687	638	83	100	6921	6913
TCGA-D1-A0ZO	142	147	884	921	236	213	681	667	132	133	3846	3828
TCGA-D1-A0ZS	67	71	648	642	69	68	454	424	110	99	2715	2509
TCGA-D1-A101	84	58	785	767	103	92	714	655	99	123	3435	3307
TCGA-D1-A160	241	273	1287	1193	173	181	613	646	87	96	2865	2819
TCGA-D1-A163	69	69	1179	1219	60	58	688	679	122	114	3501	3521
TCGA-D1-A167	140	124	1528	1512	242	210	1361	1278	170	206	16758	16673
TCGA-D1-A16F	60	64	1021	999	172	170	562	572	121	133	3341	3281
TCGA-D1-A16N	81	72	337	326	111	124	196	204	145	149	619	628
TCGA-D1-A174	78	91	996	1034	134	139	885	852	111	101	5961	5839
TCGA-D1-A176	65	72	667	676	64	68	581	593	53	52	2863	2770
TCGA-D1-A177	130	111	1479	1422	138	144	870	911	174	172	4915	4826
TCGA-D1-A17A	83	92	466	521	23	19	338	306	57	57	1575	1548
TCGA-D1-A17B	107	103	388	348	62	77	371	310	52	46	2026	1950
TCGA-D1-A17D	67	63	541	574	149	127	823	837	183	166	3495	3288
TCGA-D1-A17F	49	69	302	312	32	33	79	71	66	69	2367	2197
TCGA-D1-A17H	108	120	1196	1196	158	174	900	898	81	57	4358	4220
TCGA-D1-A17M	32	39	622	664	90	99	566	543	85	84	2977	2877
TCGA-D1-A17R	46	79	503	518	67	70	304	313	47	50	1763	1710
TCGA-D1-A17U	70	73	710	722	72	74	506	463	112	131	2609	2585
TCGA-D1-A1NS	97	86	407	404	93	113	401	414	63	69	1860	1802
TCGA-D1-A1NY	106	113	1107	1122	129	134	832	874	179	159	3541	3585
TCGA-D1-A1NZ	294	324	1499	1435	271	248	1292	1348	176	165	4631	4441
TCGA-D1-A1O7	52	62	438	402	100	109	522	499	142	137	2780	2815
TCGA-D1-A2G0	128	134	1533	1489	124	137	987	997	189	225	5818	5864
TCGA-D1-A2G5	76	57	444	384	132	118	400	383	78	70	1244	1185
TCGA-D1-A2G6	75	68	74	80	45	36	76	72	42	35	716	759
TCGA-D5-6530	209	220	1558	1492	288	322	946	952	130	136	7374	7409
TCGA-D5-6540	495	470	1080	1094	301	305	2096	2022	126	119	8888	8937
TCGA-D5-6927	114	116	1983	2092	129	125	988	928	35	47	4075	4204
TCGA-D5-6930	368	367	1005	1045	283	318	1480	1504	137	131	10468	10679
TCGA-D7-A4YV	247	256	941	950	188	194	897	793	120	110	6471	6414
TCGA-D7-A4YY	372	329	696	670	92	123	603	658	126	145	3048	2997
TCGA-D7-A6EY	1040	1063	3768	3684	1032	1041	1323	1285	170	173	6865	6804
TCGA-DC-6154	59	68	126	102	13	8	296	271	0	0	671	683
TCGA-DF-A2KZ	146	114	932	960	110	114	838	814	90	77	4151	4117
TCGA-DI-A0WH	50	69	1738	1753	273	292	683	628	139	120	3337	3392
TCGA-DI-A1BU	981	1011	55820	54634	4507	4592	3953	3793	854	898	29184	29016
TCGA-DM-A1HB	657	654	3400	3293	352	343	1711	1701	178	170	6179	6357
TCGA-E6-A2P8	118	112	1315	1251	200	203	547	575	69	67	3581	3495
TCGA-E6-A2P9	251	281	1378	1316	398	413	1219	1190	110	106	6240	6203
TCGA-EC-A1NJ	206	210	1689	1668	217	192	140	134	64	54	702	714
TCGA-EC-A24G	265	243	1721	1655	249	233	1015	1023	151	139	10602	10672
TCGA-EI-6507	234	229	1227	1197	313	290	1552	1519	158	146	6818	6798
TCGA-EI-6882	608	616	1362	1378	210	235	954	945	110	90	10439	10396
TCGA-EO-A22S	165	143	1098	1070	64	73	611	633	121	109	4233	4169
TCGA-EO-A3AU	99	88	795	841	151	147	839	826	163	151	4947	5023
TCGA-EO-A3AZ	155	150	1096	1158	146	160	634	603	66	111	8606	8442
TCGA-EY-A1GF	50	62	636	589	231	242	581	569	116	117	2230	2204
TCGA-EY-A1GK	292	296	2028	2015	146	155	1222	1192	301	294	4815	4816
TCGA-EY-A1GO	63	55	517	572	58	59	343	366	112	106	2264	2273
TCGA-EY-A1GQ	158	166	1392	1457	169	140	503	496	113	92	2807	2703
TCGA-EY-A1H0	89	99	644	600	136	161	415	416	64	89	1752	1769
TCGA-EY-A2OM	148	140	1036	1035	158	150	922	908	81	79	3886	3921
TCGA-EY-A2OP	136	104	920	937	69	56	525	566	95	98	2925	2925
TCGA-EY-A548	89	103	706	700	88	79	622	615	110	108	4016	3990
TCGA-EY-A549	42	45	375	334	88	91	338	321	31	48	14612	14641
TCGA-F1-6177	298	311	1868	1821	142	136	1078	1194	168	134	9160	9277
TCGA-F1-6874	224	196	1285	1177	173	182	1188	1212	134	120	5729	5681
TCGA-F1-A448	253	228	1120	1104	122	162	558	521	53	66	3813	3725
TCGA-F4-6570	696	661	2565	2488	652	580	2308	2232	190	214	11051	10918
TCGA-F4-6703	228	206	1166	1214	213	214	673	665	223	207	3255	3193
TCGA-F4-6856	232	215	1416	1405	360	317	755	738	132	140	7604	7732
TCGA-FI-A2D0	2617	2568	9027	8917	497	552	3727	3770	321	304	69386	69528
TCGA-FI-A2D4	13	18	525	538	87	98	290	321	130	124	2323	2411
TCGA-FI-A2D6	81	71	1380	1353	129	144	760	806	180	128	3923	3860
TCGA-FP-A4BE	388	349	2628	2610	218	224	1438	1407	64	64	10525	10493
TCGA-G4-6304	290	255	2111	2036	382	396	1328	1288	177	177	7330	7015
TCGA-G4-6309	182	208	1054	995	112	126	732	732	132	169	6169	6128
TCGA-G4-6320	111	97	988	919	212	236	1687	1741	162	176	8666	8798
TCGA-G4-6586	456	443	2378	2355	254	243	1283	1320	142	140	7392	7472
TCGA-G4-6588	567	518	5210	5069	763	723	2831	2780	282	299	12497	12782
TCGA-HF-7132	371	386	1739	1766	130	150	1333	1261	169	157	8288	8326
TCGA-HF-A5NB	502	495	2994	2976	326	295	1123	1101	188	173	8695	8456
TCGA-HJ-7597	116	134	1520	1431	169	155	622	647	81	84	5447	5378
TCGA-HU-A4G8	344	315	3085	2945	229	269	1209	1153	227	276	10024	9803
TCGA-HU-A4G9	241	245	1544	1534	135	129	653	605	96	98	5165	5061
TCGA-HU-A4GN	379	339	1883	1790	213	194	1362	1326	147	119	7611	7616
TCGA-HU-A4GQ	412	412	2748	2732	315	295	1797	1760	157	140	12863	12935
TCGA-HU-A4GT	645	623	4003	3978	314	303	1709	1716	186	165	8135	7879
TCGA-HU-A4GU	1003	941	1863	1826	319	302	2464	2438	175	152	10052	9888
TCGA-HU-A4GX	250	253	1884	1864	188	185	1190	1150	78	83	8641	8495
TCGA-HU-A4H4	619	584	2500	2446	268	265	785	771	76	77	2693	2767
TCGA-HU-A4H8	194	204	1093	1160	225	211	1233	1168	167	174	8814	8776
TCGA-MX-A5UJ	330	326	1943	1948	170	175	1059	1110	183	196	9926	10105
TCGA-PG-A6IB	88	85	658	667	125	129	733	709	116	101	2872	2811
TCGA-PG-A917	250	264	1235	1159	545	519	1322	1396	132	139	4679	4818
TCGA-QG-A5Z2	435	452	1480	1460	229	258	1312	1330	180	173	7274	7302
TCGA-QS-A5YR	34	36	369	351	41	55	335	309	48	43	1847	1743
TCGA-R5-A7ZI	324	284	1606	1584	294	282	804	914	128	143	5175	5224
TCGA-RD-A8NB	167	163	1199	1254	174	177	683	665	63	72	4301	4168
TCGA-SJ-A6ZI	258	262	2170	2116	256	259	1788	1830	130	153	13272	13049
TCGA-SL-A6JA	165	165	1034	1043	200	225	871	853	97	103	5136	5176
TCGA-SW-A7EA	302	334	1293	1288	90	82	736	745	149	151	3614	3636
TCGA-VQ-A8E3	246	266	1662	1681	210	231	760	718	114	104	4185	4111
TCGA-VQ-A8PB	136	131	1237	1144	155	169	593	570	96	94	5421	5566
TCGA-VQ-A8PO	406	381	2411	2437	208	191	1133	1137	98	99	4080	4233
TCGA-VQ-A8PP	822	690	3579	3546	354	363	1385	1387	75	83	7912	7879
TCGA-VQ-A8PT	265	291	2026	2007	234	223	1735	1790	106	106	8347	8210
TCGA-VQ-A8PX	477	459	2238	2284	220	210	589	551	69	60	2567	2621
TCGA-VQ-A91D	804	757	3958	3937	1014	1004	2151	2091	504	492	15529	15141
TCGA-VQ-A91E	288	278	2569	2642	170	192	781	826	35	28	3749	3821
TCGA-VQ-A91K	465	430	1742	1697	459	476	1571	1572	362	343	8938	8817
TCGA-VQ-AA6D	787	798	1321	1301	497	421	819	807	279	291	4378	4478
