TCGA-A5-A0G9	78	86	524	531	320	314	441	439	55	39	1392	1410
TCGA-A5-A0GA	50	43	329	329	67	78	311	345	50	36	1062	1046
TCGA-A5-A0GB	82	88	742	811	146	172	538	535	89	86	2516	2520
TCGA-A5-A0GD	0	0	4	4	0	0	0	0	0	0	0	0
TCGA-A5-A0GH	58	62	482	511	47	49	314	350	76	69	1611	1683
TCGA-A5-A0GI	28	27	383	333	85	51	308	342	55	58	1126	1176
TCGA-A5-A0GW	37	38	426	477	62	36	183	221	31	29	1333	1252
TCGA-A5-A0VP	128	120	1377	1461	134	152	579	585	194	176	8686	8588
TCGA-A5-A0VQ	51	57	219	266	42	50	218	242	24	41	1710	1653
TCGA-A5-A2K3	95	98	718	785	105	93	743	787	71	92	7413	7631
TCGA-A5-A2K7	53	59	457	499	69	84	419	453	55	59	2747	2697
TCGA-A5-A7WJ	131	125	534	592	106	109	400	386	49	56	1402	1395
TCGA-A6-2672	379	377	1815	1876	160	169	839	857	48	50	2683	2668
TCGA-A6-3809	346	383	1531	1615	170	180	933	994	118	100	3570	3624
TCGA-A6-5665	392	386	2573	2697	273	272	1227	1178	124	104	5628	5615
TCGA-A6-6653	191	194	850	931	82	83	639	633	74	74	4734	4765
TCGA-A6-6781	128	132	1141	1169	149	129	789	776	89	94	9355	9401
TCGA-AA-3492	366	383	2397	2539	383	393	1447	1376	185	194	7912	7996
TCGA-AA-3672	325	359	2052	2234	297	258	1304	1247	117	152	5816	5828
TCGA-AA-3713	187	225	787	788	183	181	736	749	113	100	3800	3903
TCGA-AA-3715	611	705	3180	3226	889	861	1488	1517	231	216	6727	6865
TCGA-AA-3811	294	342	2616	2675	687	689	827	806	108	118	2747	2874
TCGA-AA-3815	225	219	1488	1563	297	289	532	538	65	73	2717	2769
TCGA-AA-3821	131	123	582	556	222	276	685	626	121	133	3175	3189
TCGA-AA-3833	104	121	377	393	55	63	367	377	45	42	1176	1175
TCGA-AA-3864	291	297	1523	1644	197	187	1329	1340	103	106	12446	12456
TCGA-AA-3877	214	181	964	1012	177	166	604	605	114	114	4516	4473
TCGA-AA-3949	306	351	1167	1195	224	236	1021	1075	160	147	4706	4637
TCGA-AA-3950	265	256	1363	1430	168	163	926	947	122	105	2320	2367
TCGA-AA-3966	493	508	1160	1216	243	236	771	805	109	99	1748	1747
TCGA-AA-A01P	147	181	847	924	146	159	538	537	75	71	3227	3455
TCGA-AA-A01R	228	234	1470	1560	211	238	960	1087	65	81	8440	8529
TCGA-AA-A022	152	173	1241	1281	185	173	890	965	95	83	6112	6211
TCGA-AA-A02R	381	373	1490	1543	377	399	1015	996	146	147	3622	3576
TCGA-AD-6895	261	261	1317	1321	1107	1125	712	747	281	309	6693	6844
TCGA-AD-6964	167	151	2419	2528	583	589	873	901	87	88	5415	5507
TCGA-AD-A5EJ	266	250	1394	1468	140	146	1166	1185	117	119	4782	4750
TCGA-AG-3891	251	248	1461	1491	221	212	253	239	79	63	1139	1197
TCGA-AG-3906	209	242	1436	1522	225	230	381	362	187	212	947	961
TCGA-AJ-A23O	351	357	1263	1288	448	459	870	960	126	122	2083	2150
TCGA-AJ-A2QO	103	98	1049	1137	95	84	857	836	186	155	3945	3988
TCGA-AJ-A3BG	71	81	627	690	58	70	471	480	60	50	6306	6486
TCGA-AJ-A3BH	117	144	1447	1585	159	135	2099	2169	124	149	13804	13941
TCGA-AJ-A3OJ	40	52	670	702	21	20	543	566	89	73	3547	3599
TCGA-AJ-A3OL	69	77	251	216	23	28	128	115	20	21	1103	1078
TCGA-AJ-A8CT	36	36	189	192	8	8	143	156	40	36	3568	3555
TCGA-AJ-A8CV	27	32	177	183	56	73	134	134	37	40	836	804
TCGA-AJ-A8CW	45	41	587	568	86	93	429	472	38	48	2611	2590
TCGA-AM-5821	489	451	1315	1359	274	286	995	1011	86	73	4122	4235
TCGA-AP-A054	396	397	4443	4400	509	539	428	412	87	68	1702	1674
TCGA-AP-A0LD	58	48	666	704	121	105	348	409	47	80	1533	1509
TCGA-AP-A0LE	44	50	645	622	100	80	363	372	44	53	1651	1739
TCGA-AP-A0LG	56	45	398	390	55	53	385	420	30	35	1657	1681
TCGA-AP-A0LP	31	17	314	293	19	32	141	175	70	80	1082	1107
TCGA-AP-A0LS	92	88	495	476	59	50	334	320	47	39	1277	1273
TCGA-AP-A0LT	74	84	541	551	96	90	350	403	84	77	2690	2710
TCGA-AP-A1DM	52	53	269	290	64	66	319	298	57	65	1225	1290
TCGA-AP-A1DO	80	86	495	492	218	209	252	272	56	68	2038	1981
TCGA-AP-A1DP	74	71	462	521	103	107	304	315	61	84	1520	1580
TCGA-AP-A1DR	43	44	553	543	60	43	556	592	68	59	2589	2586
TCGA-AP-A1E1	95	93	523	591	127	145	512	532	98	82	1887	1938
TCGA-AU-6004	149	166	1041	1000	58	75	541	569	50	42	3696	3771
TCGA-AX-A05S	46	59	402	438	141	144	219	213	65	59	2183	2234
TCGA-AX-A05Y	11	12	121	157	16	21	76	80	28	25	823	864
TCGA-AX-A063	234	240	2461	2607	358	363	795	791	73	98	2665	2708
TCGA-AX-A064	49	45	408	482	49	57	207	195	54	70	992	947
TCGA-AX-A06H	24	31	360	353	63	65	244	223	62	68	1488	1574
TCGA-AX-A0J1	270	248	2509	2555	346	358	3860	3940	152	162	31523	31584
TCGA-AX-A1C4	74	61	906	900	107	112	618	672	88	81	3061	3163
TCGA-AX-A1C5	86	82	687	693	70	72	412	452	43	41	3907	3891
TCGA-AX-A1C9	79	68	688	715	65	63	300	325	32	37	5152	5165
TCGA-AX-A2HJ	162	164	4976	5156	262	299	696	757	157	172	3480	3645
TCGA-AX-A2IN	94	92	599	660	115	105	423	459	53	71	1880	1927
TCGA-AX-A3FS	54	64	829	835	43	49	442	430	96	68	2754	2784
TCGA-AX-A3G8	58	54	561	598	67	61	461	428	77	78	3085	3187
TCGA-AX-A3G9	105	110	513	563	133	132	461	440	35	40	2496	2593
TCGA-AY-6197	168	166	2177	2376	175	194	799	827	79	87	3240	3234
TCGA-AZ-4313	67	90	250	249	62	61	272	298	25	27	1969	1902
TCGA-AZ-6598	303	301	2105	2061	363	347	1495	1496	130	125	8655	9037
TCGA-B5-A0JR	141	151	909	964	127	154	528	574	35	50	1987	1982
TCGA-B5-A0JU	25	32	295	350	93	89	292	330	58	71	1719	1760
TCGA-B5-A0JV	17	12	181	189	65	72	287	266	42	39	1528	1609
TCGA-B5-A0JZ	26	25	429	440	101	102	363	373	59	79	1868	1940
TCGA-B5-A0K6	35	38	379	364	77	99	384	366	44	40	1470	1549
TCGA-B5-A0K9	117	122	795	795	121	118	529	515	63	64	2821	2840
TCGA-B5-A11G	164	194	1549	1626	180	176	146	147	92	76	1011	1027
TCGA-B5-A11H	87	90	1156	1179	146	141	532	456	59	64	3449	3510
TCGA-B5-A11J	53	54	378	454	89	67	290	279	54	60	1611	1564
TCGA-B5-A11U	54	36	333	353	54	49	198	208	37	42	1327	1364
TCGA-B5-A1MW	229	228	1819	1972	183	203	236	242	58	53	794	858
TCGA-B5-A3FC	1253	1281	11550	11655	1060	1069	8480	8436	469	446	61001	61523
TCGA-B5-A5OC	114	113	911	1059	202	214	1046	1033	64	81	3713	3756
TCGA-B7-5816	327	325	1844	1895	164	136	824	809	60	88	3587	3688
TCGA-B7-A5TI	113	98	527	493	97	101	436	452	103	89	2169	2202
TCGA-B7-A5TJ	180	167	146	174	65	61	121	104	25	32	891	907
TCGA-BG-A0LX	52	52	668	682	71	79	341	379	64	76	1644	1714
TCGA-BG-A0M0	9	20	107	88	27	34	111	102	35	38	556	598
TCGA-BG-A0M4	126	131	1436	1391	99	119	330	339	33	31	1600	1564
TCGA-BG-A0MQ	123	121	727	758	179	167	407	415	108	94	2112	2098
TCGA-BG-A0VW	106	90	404	410	58	57	322	351	94	89	1847	1810
TCGA-BG-A0VZ	101	88	297	292	48	47	240	265	72	59	1134	1188
TCGA-BG-A18B	27	16	323	283	18	21	273	227	46	51	1321	1353
TCGA-BG-A220	54	46	632	674	51	57	407	434	87	87	2764	2833
TCGA-BG-A221	192	181	2191	2255	105	118	533	531	115	105	4802	4688
TCGA-BG-A222	234	238	10514	10884	2043	2106	1395	1469	269	289	15402	15678
TCGA-BG-A2L7	63	79	446	484	57	64	365	361	53	45	2140	2138
TCGA-BG-A3EW	85	81	526	600	135	95	416	430	62	59	1396	1328
TCGA-BK-A0C9	68	73	719	762	158	207	431	494	449	440	2455	2406
TCGA-BK-A13B	88	90	748	689	106	98	507	492	66	62	2279	2279
TCGA-BR-4184	215	233	2013	2060	308	308	1157	1191	108	125	16574	16245
TCGA-BR-4201	120	114	1315	1298	184	172	507	534	78	85	4992	5084
TCGA-BR-4256	288	293	1252	1203	160	177	610	611	114	108	3133	3127
TCGA-BR-4257	211	200	1502	1549	188	202	646	677	62	51	3381	3431
TCGA-BR-4292	263	258	837	868	180	212	624	666	94	81	5339	5480
TCGA-BR-4361	359	351	6227	6325	604	622	834	809	190	186	6692	6946
TCGA-BR-4362	544	550	1906	2001	253	274	628	675	124	144	4938	4789
TCGA-BR-4363	128	137	590	658	66	85	258	255	41	31	1854	1803
TCGA-BR-4368	107	104	1155	1279	121	136	591	570	78	86	5027	4981
TCGA-BR-4370	104	158	683	702	109	124	499	492	38	47	4374	4405
TCGA-BR-6802	90	96	453	547	86	85	247	227	24	27	1629	1597
TCGA-BR-6852	340	352	922	927	148	162	711	716	71	70	3366	3509
TCGA-BR-7703	112	103	563	558	38	44	376	430	62	72	2466	2522
TCGA-BR-7707	282	317	1763	1762	175	169	684	669	70	89	4455	4506
TCGA-BR-7851	142	152	1306	1287	159	208	798	765	51	60	5352	5465
TCGA-BR-8059	348	376	702	727	305	273	578	568	403	328	1856	1896
TCGA-BR-8078	242	226	1586	1754	160	185	710	776	117	108	5138	4905
TCGA-BR-8081	178	194	786	838	148	115	656	653	49	52	3528	3459
TCGA-BR-8284	47	48	284	283	46	68	341	323	32	17	1284	1361
TCGA-BR-8360	241	216	721	682	154	148	606	614	76	73	3252	3173
TCGA-BR-8361	228	269	1592	1600	213	214	730	759	174	188	5749	5775
TCGA-BR-8363	391	390	1514	1540	189	213	768	803	61	70	3686	3605
TCGA-BR-8368	128	151	793	818	112	100	477	457	97	99	3687	3754
TCGA-BR-8372	264	244	2852	2924	226	224	745	765	92	96	3456	3331
TCGA-BR-8382	245	239	874	911	100	90	612	617	48	53	3246	3170
TCGA-BR-A4QL	248	253	1343	1414	251	264	705	709	133	134	6682	6747
TCGA-BS-A0TA	128	106	629	721	22	38	381	422	28	34	1618	1493
TCGA-BS-A0TE	50	42	363	374	127	163	281	270	76	87	1098	1021
TCGA-BS-A0TJ	99	73	581	650	80	100	557	518	54	66	2754	2758
TCGA-BS-A0U8	40	44	383	434	91	96	257	204	43	40	1646	1580
TCGA-BS-A0UA	72	51	321	311	49	58	195	199	52	47	1314	1255
TCGA-BS-A0UJ	1390	1455	6939	7224	859	958	1583	1556	105	94	1592	1513
TCGA-BS-A0UL	29	28	328	320	126	115	227	215	16	19	1662	1694
TCGA-BS-A0UM	97	89	486	470	100	119	339	358	93	69	1655	1660
TCGA-BS-A0V4	28	26	261	268	65	42	301	316	44	44	1142	1163
TCGA-BS-A0VI	11	15	312	351	29	29	321	329	31	56	969	1009
TCGA-CD-8536	74	74	766	797	94	105	503	530	75	59	3006	3202
TCGA-CD-A4MJ	127	133	760	761	73	88	454	439	69	94	2108	2123
TCGA-CG-4305	315	310	1414	1443	147	149	655	680	123	110	3740	3798
TCGA-CG-4306	103	95	792	821	139	129	506	530	76	76	3994	3992
TCGA-CG-4442	191	174	2168	2188	174	145	770	786	76	79	4130	4136
TCGA-CG-4460	254	254	1220	1140	191	196	788	717	135	139	8031	8150
TCGA-CG-4465	173	165	710	706	69	72	510	498	70	65	1826	1819
TCGA-CG-5721	532	534	13593	13984	941	969	992	982	237	214	8516	8612
TCGA-CG-5723	416	436	1907	1964	227	222	690	690	128	114	5652	5775
TCGA-CG-5726	248	238	1209	1290	274	310	657	742	80	84	4431	4392
TCGA-CG-5728	260	310	1538	1471	141	150	693	707	118	147	4549	4557
TCGA-CG-5733	213	236	1148	1305	64	72	675	653	44	42	3688	3661
TCGA-CK-4951	340	392	3230	3325	3353	3303	1673	1695	1158	1124	19194	19027
TCGA-CK-5913	64	45	1035	1031	166	183	614	635	33	28	2779	2911
TCGA-CK-5916	160	155	1600	1678	190	185	883	884	132	128	5504	5648
TCGA-CK-6746	251	258	1499	1511	130	162	860	827	118	118	3786	3743
TCGA-CK-6747	15	17	54	60	9	6	108	108	16	21	581	579
TCGA-CM-4746	95	90	362	361	66	56	470	465	50	39	3736	3645
TCGA-CM-6162	62	60	417	389	36	56	330	334	25	34	5468	5477
TCGA-CM-6171	200	218	989	1107	118	105	701	738	138	144	4692	4695
TCGA-CM-6674	95	88	859	903	93	108	385	364	87	54	3851	3812
TCGA-D1-A0ZO	67	84	526	572	127	120	329	345	81	91	2153	2184
TCGA-D1-A0ZS	29	43	354	359	40	46	202	222	51	49	1365	1392
TCGA-D1-A101	30	38	392	406	63	70	403	429	78	96	1878	1910
TCGA-D1-A160	148	122	737	724	108	85	311	359	44	52	1565	1640
TCGA-D1-A163	38	52	648	661	42	30	358	388	74	73	1945	1993
TCGA-D1-A167	63	66	887	918	128	133	727	763	112	77	9275	9207
TCGA-D1-A16F	30	38	542	564	82	78	332	293	65	89	1792	1728
TCGA-D1-A16N	56	53	183	181	74	68	111	113	97	83	346	358
TCGA-D1-A174	60	55	542	577	82	87	478	440	73	55	3238	3333
TCGA-D1-A176	25	39	412	402	47	43	375	354	42	49	1580	1553
TCGA-D1-A177	58	58	793	844	74	57	504	478	77	98	2716	2623
TCGA-D1-A17A	56	40	268	269	12	12	148	185	35	33	799	861
TCGA-D1-A17B	62	63	232	223	33	42	165	214	17	28	1074	1120
TCGA-D1-A17D	37	36	310	381	80	98	506	495	94	96	1827	1753
TCGA-D1-A17F	24	32	157	200	9	13	37	48	33	32	1281	1280
TCGA-D1-A17H	68	74	663	719	71	93	497	488	34	47	2412	2313
TCGA-D1-A17M	21	24	348	351	46	42	290	291	48	54	1618	1619
TCGA-D1-A17R	23	25	257	274	51	58	126	149	13	20	996	985
TCGA-D1-A17U	50	49	371	407	38	56	259	262	73	76	1394	1508
TCGA-D1-A1NS	65	60	253	241	58	35	249	225	54	54	1004	1045
TCGA-D1-A1NY	58	61	623	630	82	90	445	443	81	84	2024	1954
TCGA-D1-A1NZ	174	178	784	872	165	149	697	691	100	105	2499	2482
TCGA-D1-A1O7	36	37	237	251	55	56	250	256	76	76	1578	1564
TCGA-D1-A2G0	59	77	868	872	84	91	539	554	119	103	3268	3198
TCGA-D1-A2G5	52	30	230	210	62	73	211	237	35	51	637	701
TCGA-D1-A2G6	38	37	46	51	23	36	43	51	24	25	427	405
TCGA-D5-6530	136	129	914	935	173	159	552	589	77	78	4152	3983
TCGA-D5-6540	285	311	609	664	170	189	1089	1109	85	90	4899	4935
TCGA-D5-6927	80	72	1137	1186	80	93	547	504	32	25	2185	2192
TCGA-D5-6930	175	192	586	653	168	153	850	821	72	66	5855	5778
TCGA-D7-A4YV	165	152	503	526	99	114	491	450	64	71	3641	3574
TCGA-D7-A4YY	200	204	351	369	56	57	337	367	68	72	1587	1675
TCGA-D7-A6EY	577	627	2156	2239	570	620	726	679	90	66	3693	3847
TCGA-DC-6154	38	29	56	55	10	10	164	148	0	0	381	400
TCGA-DF-A2KZ	66	88	512	528	66	65	481	443	55	43	2318	2346
TCGA-DI-A0WH	40	55	944	1023	134	141	351	371	67	71	1880	1791
TCGA-DI-A1BU	522	473	31309	32589	2591	2560	2111	2142	471	493	16125	16400
TCGA-DM-A1HB	307	329	1922	1959	186	196	928	955	86	103	3499	3505
TCGA-E6-A2P8	86	90	700	748	106	109	291	300	30	37	1925	1990
TCGA-E6-A2P9	142	155	778	865	235	228	665	639	61	64	3439	3481
TCGA-EC-A1NJ	125	124	956	999	128	139	85	71	33	40	383	382
TCGA-EC-A24G	147	146	974	981	134	148	556	541	67	67	5890	5945
TCGA-EI-6507	123	120	638	616	184	203	886	900	79	73	3849	3722
TCGA-EI-6882	371	394	710	801	116	139	456	512	84	65	5686	5783
TCGA-EO-A22S	61	51	533	618	45	39	341	366	86	66	2292	2278
TCGA-EO-A3AU	54	64	474	463	96	59	505	410	85	75	2768	2821
TCGA-EO-A3AZ	85	105	610	675	81	108	373	370	51	65	4611	4723
TCGA-EY-A1GF	40	39	373	398	145	103	367	322	59	49	1249	1223
TCGA-EY-A1GK	186	200	1173	1183	90	87	660	625	153	150	2626	2663
TCGA-EY-A1GO	29	34	274	309	43	47	207	196	64	50	1236	1229
TCGA-EY-A1GQ	88	107	779	759	87	92	286	315	67	83	1541	1513
TCGA-EY-A1H0	46	39	334	356	110	115	234	273	43	50	992	977
TCGA-EY-A2OM	78	91	616	576	93	106	535	553	46	41	2081	2140
TCGA-EY-A2OP	55	60	554	537	37	44	300	308	39	51	1625	1657
TCGA-EY-A548	46	34	371	406	49	56	392	336	53	59	2106	2214
TCGA-EY-A549	24	19	237	233	45	54	216	229	35	19	8085	8070
TCGA-F1-6177	158	168	1032	1061	69	74	625	651	92	81	5166	5056
TCGA-F1-6874	101	111	713	686	105	109	632	656	77	56	3099	3080
TCGA-F1-A448	101	124	669	722	102	94	302	311	20	28	2030	2022
TCGA-F4-6570	366	395	1439	1575	384	333	1187	1284	125	121	6034	6048
TCGA-F4-6703	107	120	653	686	125	134	381	367	112	106	1906	1819
TCGA-F4-6856	145	141	850	894	145	187	438	428	71	58	4116	4183
TCGA-FI-A2D0	1505	1554	4859	5376	356	327	2097	2146	176	174	38304	38275
TCGA-FI-A2D4	10	12	276	317	42	39	174	171	58	67	1286	1239
TCGA-FI-A2D6	30	31	765	767	79	99	439	422	69	59	2149	2200
TCGA-FP-A4BE	214	198	1385	1475	126	115	795	784	31	36	5750	5722
TCGA-G4-6304	157	148	1113	1150	257	239	745	726	78	107	4097	3919
TCGA-G4-6309	91	103	573	573	58	47	364	398	70	55	3407	3485
TCGA-G4-6320	57	52	501	515	130	146	961	971	87	87	4826	4901
TCGA-G4-6586	239	251	1291	1445	135	119	715	737	64	70	3959	4041
TCGA-G4-6588	282	296	2935	2953	388	411	1552	1510	161	169	6869	7144
TCGA-HF-7132	205	202	1003	1005	95	76	677	745	86	85	4506	4505
TCGA-HF-A5NB	302	319	1688	1819	204	186	602	596	102	81	4819	4697
TCGA-HJ-7597	78	77	787	876	97	98	343	357	27	25	2948	3049
TCGA-HU-A4G8	191	215	1747	1706	144	154	701	679	134	148	5460	5463
TCGA-HU-A4G9	121	132	873	938	71	89	340	358	71	62	2876	2804
TCGA-HU-A4GN	153	171	983	1030	135	113	718	707	84	79	4235	4345
TCGA-HU-A4GQ	230	255	1582	1605	191	182	998	987	81	75	6867	7111
TCGA-HU-A4GT	374	336	2250	2318	175	183	905	955	95	83	4501	4409
TCGA-HU-A4GU	592	574	1112	1037	166	168	1382	1380	110	100	5615	5431
TCGA-HU-A4GX	134	134	994	1037	115	120	689	656	40	47	4643	4597
TCGA-HU-A4H4	335	314	1305	1386	152	133	480	448	43	44	1504	1578
TCGA-HU-A4H8	101	103	625	641	142	125	667	654	104	102	4772	4957
TCGA-MX-A5UJ	194	188	1090	1142	90	107	650	603	112	106	5557	5601
TCGA-PG-A6IB	50	55	342	387	55	63	355	400	48	56	1522	1589
TCGA-PG-A917	152	142	711	684	292	319	716	785	69	82	2557	2625
TCGA-QG-A5Z2	244	279	829	857	123	139	769	729	101	111	4042	4050
TCGA-QS-A5YR	11	12	205	198	39	34	178	192	25	36	970	1035
TCGA-R5-A7ZI	174	176	925	938	152	154	468	504	83	75	2929	2919
TCGA-RD-A8NB	100	105	700	743	73	73	359	361	46	45	2316	2303
TCGA-SJ-A6ZI	128	144	1241	1220	161	152	969	980	54	77	7025	7222
TCGA-SL-A6JA	106	114	614	596	117	117	457	496	38	38	2882	2784
TCGA-SW-A7EA	187	145	782	775	48	57	383	406	76	79	1945	2011
TCGA-VQ-A8E3	129	135	937	999	94	95	422	395	53	56	2192	2277
TCGA-VQ-A8PB	72	64	618	661	97	91	332	355	48	60	2986	3083
TCGA-VQ-A8PO	208	200	1344	1464	118	138	537	581	52	48	2294	2318
TCGA-VQ-A8PP	411	474	1979	2032	226	209	708	714	43	36	4482	4412
TCGA-VQ-A8PT	172	182	1122	1099	143	124	974	975	58	56	4541	4574
TCGA-VQ-A8PX	255	256	1289	1305	145	150	338	340	28	31	1393	1418
TCGA-VQ-A91D	439	454	2185	2331	622	585	1133	1150	290	279	8558	8624
TCGA-VQ-A91E	162	181	1402	1419	97	105	447	420	22	21	2092	2075
TCGA-VQ-A91K	257	227	951	930	236	278	918	860	225	241	4810	4990
TCGA-VQ-AA6D	468	455	800	753	284	278	458	424	167	157	2409	2524
